[ 305.3620210354224 , -32.85411832292095 ],
[ 305.60613199635867 , -32.978547294125654 ],
[ 305.85081669318515 , -33.102610850209764 ],
[ 306.09612976741533 , -33.22630216098411 ],
[ 306.3420438982925 , -33.34961439625952 ],
[ 306.5885590858166 , -33.47254755603599 ],
[ 306.8356753299877 , -33.59510164031353 ],
[ 307.08341995156235 , -33.71726981890296 ],
[ 307.331765629784 , -33.83904867670971 ],
[ 307.58073968540936 , -33.96043479863918 ],
[ 307.8303421184383 , -34.08142818469136 ],
[ 308.08054560811416 , -34.202025419771694 ],
[ 308.3314047959504 , -34.322219673690995 ],
[ 308.58289236119026 , -34.442007531354676 ],
[ 308.8350083038338 , -34.56139240785733 ],
[ 309.08775262388093 , -34.6803640579152 ],
[ 309.34112532133173 , -34.79892248152828 ],
[ 309.59515371694283 , -34.91706426360199 ],
[ 309.8498104899576 , -35.03478257394716 ],
[ 310.10515028188934 , -35.152080827658374 ],
[ 310.36111845122474 , -35.268952194546465 ],
[ 310.6177149979638 , -35.38539325951684 ],
[ 310.87499456361985 , -35.50139719238034 ],
[ 311.1329298274362 , -35.61696740823154 ],
[ 311.3914934686562 , -35.732097076881274 ],
[ 311.6507401287932 , -35.84678278323496 ],
[ 311.9106698078472 , -35.961021112198004 ],
[ 312.17122786430485 , -36.074812063770416 ],
[ 312.4324689396795 , -36.18814539266844 ],
[ 312.69439303397115 , -36.301024513986654 ],
[ 312.9569728264231 , -36.41343918244131 ],
[ 313.2202356377921 , -36.525392813126984 ],
[ 313.48415414732136 , -36.63687857585452 ],
[ 313.74878299652437 , -36.747893055529325 ],
[ 314.0140675438877 , -36.85843625215139 ],
[ 314.28006243092466 , -36.96849792043698 ],
[ 314.54671301612194 , -37.078078060386076 ],
[ 314.81404662023624 , -37.18717667199869 ],
[ 315.0820905640242 , -37.29578350999107 ],
[ 315.3508175267292 , -37.4038985743632 ],
[ 315.62022750835115 , -37.511521865115085 ],
[ 315.8903478296468 , -37.61864313696298 ],
[ 316.1611511698595 , -37.72526238990688 ],
[ 316.4326375289892 , -37.8313762088522 ],
[ 316.7048342277925 , -37.93698117870435 ],
[ 316.97774126626956 , -38.04207046927417 ],
[ 317.2513313236636 , -38.14664408056165 ],
[ 317.52563172073127 , -38.25069859747221 ],
[ 317.8006424574727 , -38.354227189816676 ],
[ 318.07633621313107 , -38.45722985759505 ],
[ 318.3527403084632 , -38.559699770618174 ],
[ 318.6298547434689 , -38.661636928886026 ],
[ 318.90767951814837 , -38.76303450220945 ],
[ 319.18621463250145 , -38.86388907549386 ],
[ 319.46546008652825 , -38.96420064873925 ],
[ 319.74541588022873 , -39.06395897666187 ],
[ 320.02608201360295 , -39.16316747435631 ],
[ 320.3074311658941 , -39.2618158965388 ],
[ 320.5895179786156 , -39.35990765830394 ],
[ 320.8723151310108 , -39.457432514367966 ],
[ 321.1558226230797 , -39.55439046473088 ],
[ 321.44006777557894 , -39.650778094298104 ],
[ 321.7249959469952 , -39.746588572880455 ],
[ 322.0106344580851 , -39.841821900477946 ],
[ 322.29701062960544 , -39.9364712469014 ],
[ 322.5840698200427 , -40.03053661215081 ],
[ 322.8718666709104 , -40.12400775094243 ],
[ 323.1603738614517 , -40.21688807837086 ],
[ 323.44959139166673 , -40.30917076424689 ],
[ 323.7395192615555 , -40.40085239347598 ],
[ 324.0301847918745 , -40.49192955096351 ],
[ 324.3215333411106 , -40.582398821614916 ],
[ 324.61359223002034 , -40.67225337524102 ],
[ 324.90638877936044 , -40.761493211841824 ],
[ 325.19986834761755 , -40.85011491632274 ],
[ 325.494085576305 , -40.9381116584946 ],
[ 325.78898582390946 , -41.025480023262816 ],
[ 326.08459641118765 , -41.11221659553281 ],
[ 326.38091733813945 , -41.19832137530457 ],
[ 326.677948604765 , -41.28378753238894 ],
[ 326.97569021106415 , -41.36861165169133 ],
[ 327.27414215703703 , -41.45279031811715 ],
[ 327.57327712192694 , -41.53632011657182 ],
[ 327.8731224264905 , -41.61919421686617 ],
[ 328.17365074997105 , -41.701416034094784 ],
[ 328.4748894131253 , -41.78297190787932 ],
[ 328.7768384159532 , -41.863868668408955 ],
[ 329.0794431169415 , -41.94409607039992 ],
[ 329.3827581576034 , -42.02365069875765 ],
[ 329.686783537939 , -42.10253255348213 ],
[ 329.99146461643494 , -42.18073480438419 ],
[ 330.29685603460456 , -42.258254036369244 ],
[ 330.6029031509345 , -42.33508683434272 ],
[ 330.9096332861814 , -42.41122978321002 ],
[ 331.2170464403453 , -42.48668288297115 ],
[ 331.5251426134263 , -42.56143588834236 ],
[ 331.83389448466755 , -42.63549221441822 ],
[ 332.1433293748258 , -42.708841615914984 ],
[ 332.45341996314437 , -42.781484092832656 ],
[ 332.7641935703799 , -42.85341623007665 ],
[ 333.07559555501916 , -42.92463461255237 ],
[ 333.3876532378187 , -42.99513241007065 ],
[ 333.7003939395353 , -43.06491303772609 ],
[ 334.0137630186554 , -43.13396625023492 ],
[ 334.3277604751793 , -43.20229204759714 ],
[ 334.6424136298634 , -43.26988359962359 ],
[ 334.9576951619512 , -43.33674090631426 ],
[ 335.2736323921993 , -43.402860552574566 ],
[ 335.5901706790944 , -43.46823912330993 ],
[ 335.90733734339307 , -43.532869788331176 ],
[ 336.22513238509543 , -43.596755962732885 ],
[ 336.54355580420145 , -43.659887401231316 ],
[ 336.8625529591977 , -43.72226410382646 ],
[ 337.18217849159765 , -43.78388265542373 ],
[ 337.5024050806445 , -43.844736225833955 ],
[ 337.82323272633835 , -43.90482823015173 ],
[ 338.14463410792246 , -43.964151838187874 ],
[ 338.4666092253969 , -44.02270363484781 ],
[ 338.7891853995182 , -44.08048020503695 ],
[ 339.1123353095299 , -44.13748154875529 ],
[ 339.4360589554318 , -44.193700835813665 ],
[ 339.7603290164673 , -44.24913465111749 ],
[ 340.0851728133931 , -44.30378299466676 ],
[ 340.4105630254525 , -44.35764245136689 ],
[ 340.7364723318889 , -44.410709606123305 ],
[ 341.06295537421545 , -44.46298104384142 ],
[ 341.38995751091903 , -44.51445334942663 ],
[ 341.71747874199946 , -44.56512310778437 ],
[ 342.04551906745684 , -44.614990318914636 ],
[ 342.3740784872911 , -44.664048152628254 ],
[ 342.70315700150235 , -44.712300024019804 ],
[ 343.0327272893338 , -44.759735687805545 ],
[ 343.3627893507855 , -44.80635855908005 ],
[ 343.69334318585743 , -44.852161807654156 ],
[ 344.0243614737929 , -44.89714543352786 ],
[ 344.35584421459197 , -44.94130943670116 ],
[ 344.68781872901127 , -44.98464357189031 ],
[ 345.02023037553744 , -45.02715125418988 ],
[ 345.3531064749272 , -45.06882565341072 ],
[ 345.6864197064238 , -45.10967018464739 ],
[ 346.02014274927063 , -45.14967801771074 ],
[ 346.3543029242243 , -45.18884915260077 ],
[ 346.68890023128495 , -45.22718017422288 ],
[ 347.0239073496957 , -45.26467108257708 ],
[ 347.35929695870004 , -45.3013150474742 ],
[ 347.6950963790545 , -45.33711206891423 ],
[ 348.0312509692459 , -45.372062146897186 ],
[ 348.3678153707874 , -45.40615845123389 ],
[ 348.7047349421658 , -45.439404397018926 ],
[ 349.042009683381 , -45.47179656915772 ],
[ 349.3796395944331 , -45.503331552555665 ],
[ 349.71762467532204 , -45.53400593211819 ],
[ 350.0559376052911 , -45.56382312293988 ],
[ 350.3945783843403 , -45.592776294831566 ],
[ 350.73351969171307 , -45.62086544779324 ],
[ 351.0727615274092 , -45.64809058182491 ],
[ 351.4123312121856 , -45.67444828183199 ],
[ 351.75217410452876 , -45.699935132719894 ],
[ 352.0922902044387 , -45.7245545495832 ],
[ 352.43267951191547 , -45.74829970223276 ],
[ 352.7733147062023 , -45.77117400576313 ],
[ 353.114223108056 , -45.793170629985156 ],
[ 353.4553773967198 , -45.81429298999342 ],
[ 353.79675025143706 , -45.83454108578792 ],
[ 354.13834167220773 , -45.85390808717949 ],
[ 354.48015165903183 , -45.872393994168135 ],
[ 354.8221528911527 , -45.89000222184843 ],
[ 355.164372689327 , -45.90672935512578 ],
[ 355.50675641204145 , -45.92257197890563 ],
[ 355.84930405929595 , -45.93753009318796 ],
[ 356.19204295184716 , -45.951607113067354 ],
[ 356.5349184481818 , -45.96479620835465 ],
[ 356.87793054829984 , -45.97710079414443 ],
[ 357.22107925220126 , -45.988517455342105 ],
[ 357.56436455988614 , -45.99904960704227 ],
[ 357.90775915059766 , -46.00869041905574 ],
[ 358.25123570357925 , -46.017443306477105 ],
[ 358.5948215395876 , -46.02530826930638 ],
[ 358.938489337866 , -46.032285307543546 ],
[ 359.2822390984144 , -46.038371006094025 ],
[ 359.62601617971944 , -46.04356536495782 ],
[ 359.9698752232946 , -46.04787179922951 ],
[ 0.31377227372462735 , -46.05128347871994 ],
[ 0.657696364179423 , -46.05381064871284 ],
[ 1.0016412653668463 , -46.05544306392447 ],
[ 1.3455967853639945 , -46.05618413944942 ],
[ 1.6895525188045544 , -46.056037290382264 ],
[ 2.0334984338481825 , -46.054999101628425 ],
[ 2.3774238583243004 , -46.0530695731879 ],
[ 2.721318760392565 , -46.050252120155264 ],
[ 3.065172894769221 , -46.04654332743595 ],
[ 3.4089760161705134 , -46.041946610124526 ],
[ 3.752717665869276 , -46.03645855312642 ],
[ 4.096388025468576 , -46.03008257153622 ],
[ 4.439976422797836 , -46.02281525025932 ],
[ 4.783473466346948 , -46.01466341948491 ],
[ 5.126868057058509 , -46.005627079212985 ],
[ 5.470150376535588 , -45.99569939925437 ],
[ 5.813311033268076 , -45.98489062489283 ],
[ 6.156338928198572 , -45.97319392593918 ],
[ 6.499224669816967 , -45.96061271748802 ],
[ 6.841958012839506 , -45.947150414633924 ],
[ 7.184529138869258 , -45.932807017376895 ],
[ 7.526928229509289 , -45.91758252571694 ],
[ 7.869144612589023 , -45.901476939654046 ],
[ 8.211169750371997 , -45.884490259188226 ],
[ 8.552993397574454 , -45.86662931450864 ],
[ 8.894606162686289 , -45.847890690520714 ],
[ 9.235996946650097 , -45.82827438722443 ],
[ 9.577158065503065 , -45.807787234808984 ],
[ 9.918078420187788 , -45.786429233274355 ],
[ 10.258749472967807 , -45.76419696752596 ],
[ 10.59916183233301 , -45.74109726775298 ],
[ 10.939306106773293 , -45.7171301339554 ],
[ 11.279172051004895 , -45.69229556613323 ],
[ 11.618751127291358 , -45.66659697938106 ],
[ 11.958034797896218 , -45.64003437369888 ],
[ 12.297013671309365 , -45.61261116418128 ],
[ 12.635677502247047 , -45.58433076592284 ],
[ 12.97401946052009 , -45.555189763828984 ],
[ 13.312029300844744 , -45.52519498808888 ],
[ 13.64969848548454 , -45.494346438702514 ],
[ 13.987018476703021 , -45.462647530764485 ],
[ 14.323980736763723 , -45.43009826427479 ],
[ 14.66057758170383 , -45.39670205432801 ],
[ 14.996798766239584 , -45.36245890092415 ],
[ 15.332637460181818 , -45.327372219157795 ],
[ 15.668083418246777 , -45.29144883921811 ],
[ 16.003131517792582 , -45.254681930915936 ],
[ 16.337773221082774 , -45.21708173953501 ],
[ 16.67199828283359 , -45.17864826507535 ],
[ 17.00579987285587 , -45.139384922631535 ],
[ 17.339171160960436 , -45.09928829710898 ],
[ 17.672103609410833 , -45.058368633791424 ],
[ 18.00459038801788 , -45.01662251758431 ],
[ 18.336622959045126 , -44.97405677867679 ],
[ 18.668196199850687 , -44.930674832163454 ],
[ 18.99929986515081 , -44.886473262949714 ],
[ 19.32992883230362 , -44.84145890122475 ],
[ 19.660074563572646 , -44.79563516208313 ],
[ 19.98973193631602 , -44.74900204552487 ],
[ 20.318892412797275 , -44.701566381739134 ],
[ 20.647550870374534 , -44.65332475563133 ],
[ 20.975700478858627 , -44.60428741248523 ],
[ 21.30333270051309 , -44.55445093720623 ],
[ 21.63044412024334 , -44.50382557507809 ],
[ 21.957026200312917 , -44.45240449591165 ],
[ 22.283073818079938 , -44.40019794499066 ],
[ 22.608580143355233 , -44.3472093374097 ],
[ 22.933541761044225 , -44.29343867316877 ],
[ 23.257948425863148 , -44.238885952267886 ],
[ 23.58179843026472 , -44.18356141999078 ],
[ 23.905084944059762 , -44.127465076337465 ],
[ 24.22780113705911 , -44.07060033640252 ],
[ 24.549943594168177 , -44.012970615280544 ],
[ 24.871507192745085 , -43.954575912971514 ],
[ 25.192485102600664 , -43.89542305966462 ],
[ 25.512872201093035 , -43.83551547045444 ],
[ 25.832665073127618 , -43.77485656043556 ],
[ 26.15185688851524 , -43.71344632960797 ],
[ 26.470445939708608 , -43.651291608160854 ],
[ 26.78842539651855 , -43.588395811188796 ],
[ 27.105791843850486 , -43.52475893869178 ],
[ 27.422540159062535 , -43.460387820859 ],
[ 27.738666927060112 , -43.395285872785024 ],
[ 28.054168732748632 , -43.329453094469855 ],
[ 28.36903874593893 , -43.26289631610267 ],
[ 28.683276966631 , -43.19561895277804 ],
[ 28.99687485708838 , -43.12762441959056 ],
[ 29.309834124858362 , -43.058912716540235 ],
[ 29.622144524657195 , -42.98949067381623 ],
[ 29.933809471579462 , -42.91936170651312 ],
[ 30.244822135435992 , -42.84853264482009 ],
[ 30.555182516226786 , -42.77700007364254 ],
[ 30.86488036866809 , -42.70477082316966 ],
[ 31.173922522949074 , -42.63184830849602 ],
[ 31.482295318691392 , -42.55823935981079 ],
[ 31.790005586084224 , -42.483943977113974 ],
[ 32.09704649493839 , -42.40896557550016 ],
[ 32.40341121506473 , -42.33330757006393 ],
[ 32.7091065766524 , -42.25698020608904 ],
[ 33.014122334417664 , -42.17997665338631 ],
[ 33.31846190345509 , -42.1023105723341 ],
[ 33.62211845357552 , -42.02397854783781 ],
[ 33.925091984778945 , -41.94498741008661 ],
[ 34.22737908197078 , -41.86534057417509 ],
[ 34.52898316024562 , -41.785041455197835 ],
[ 34.8298939743197 , -41.70409346824943 ],
[ 35.1301183543822 , -41.622503443519044 ],
[ 35.42964947024394 , -41.540271381006676 ],
[ 35.72848732190492 , -41.45740069580691 ],
[ 36.02663190936514 , -41.37389821810892 ],
[ 36.324079817530034 , -41.289767363007286 ],
[ 36.62083104639957 , -41.205008130502016 ],
[ 36.91688218087919 , -41.11962735078227 ],
[ 37.21223663606347 , -41.033628438942635 ],
[ 37.50689099685782 , -40.94701822517229 ],
[ 37.80084184816766 , -40.859793294376644 ],
[ 38.09409602018216 , -40.77196389183945 ],
[ 38.38664326761756 , -40.68353001756071 ],
[ 38.67849042066303 , -40.594498501729596 ],
[ 38.96963747931858 , -40.50487275944069 ],
[ 39.26007761339503 , -40.414652790693985 ],
[ 39.54981423798697 , -40.32384542567867 ],
[ 39.8388473530944 , -40.232454079489315 ],
[ 40.12717695871732 , -40.140482167220505 ],
[ 40.41480305485573 , -40.047933103966834 ],
[ 40.701725641509626 , -39.95481371991747 ],
[ 40.98794471867901 , -39.8611240150724 ],
[ 41.27346028636388 , -39.766867404526224 ],
[ 41.558268929469655 , -39.67205071846811 ],
[ 41.84237747818551 , -39.57667737199263 ],
[ 42.125785932511434 , -39.48075078019439 ],
[ 42.40849087735285 , -39.384270943073375 ],
[ 42.69049231270975 , -39.28724469081876 ],
[ 42.97179706877131 , -39.18967885361971 ],
[ 43.25239831534836 , -39.091573431476235 ],
[ 43.53230288263006 , -38.99293183948291 ],
[ 43.81150735552185 , -38.89375749273432 ],
[ 44.09001514911829 , -38.79405722141965 ],
[ 44.36782967851397 , -38.693831025538884 ],
[ 44.64494411351973 , -38.59308573528119 ],
[ 44.92136869941931 , -38.49182135064658 ],
[ 45.19709660602356 , -38.390048116918805 ],
[ 45.47213466352163 , -38.28776261900328 ],
[ 45.746482871913535 , -38.184971687089174 ],
[ 46.02014123119926 , -38.08167873627107 ],
[ 46.29310974137882 , -37.97788718164356 ],
[ 46.56539523264138 , -37.87360385339581 ],
[ 46.83699428989235 , -37.768825336433224 ],
[ 47.10791374332091 , -37.66356187603957 ],
[ 47.37815017783246 , -37.55781347221485 ],
[ 47.64770359342702 , -37.45158354005364 ],
[ 47.91658423538832 , -37.34487890974512 ],
[ 48.18478527352721 , -37.23769958128928 ],
[ 48.45231353803286 , -37.13005238487529 ],
[ 48.719169028905256 , -37.02193732050316 ],
[ 48.98535174614441 , -36.91336121836205 ],
[ 49.25086851993949 , -36.80432407845197 ],
[ 49.51571935029048 , -36.694836146056666 ],
[ 49.77990423719741 , -36.584890590986966 ],
[ 50.04343001084943 , -36.47450107362122 ],
[ 50.306293256151946 , -36.36366417886484 ],
[ 50.56849738819957 , -36.25238673690699 ],
[ 50.830049237181456 , -36.14066874774768 ],
[ 51.090945388003014 , -36.028520456670655 ],
[ 51.35119267085342 , -35.915938448581336 ],
[ 51.610791085732686 , -35.80292955366889 ],
[ 51.86974063264079 , -35.689497187027904 ],
[ 52.12804814176692 , -35.57564134865837 ],
[ 52.385713613111065 , -35.461368868749474 ],
[ 52.642743876862404 , -35.34668316239579 ],
[ 52.89913210283176 , -35.231587644691906 ],
[ 53.15489195139747 , -35.11608231563782 ],
[ 53.41001659237037 , -35.00017400542271 ],
[ 53.664516271034216 , -34.88386271404656 ],
[ 53.91838757229442 , -34.76715868679314 ],
[ 54.171637326340154 , -34.65005850856785 ],
[ 54.424268948266 , -34.53256559446529 ],
[ 54.676279022977376 , -34.41468677467463 ],
[ 54.92767438066345 , -34.296422049195854 ],
[ 55.17846185151339 , -34.17777824821815 ],
[ 55.428638020432615 , -34.058755371741505 ],
[ 55.67820630251571 , -33.93935683486051 ],
[ 55.92717352795185 , -33.81958946776434 ],
[ 56.17553628164644 , -33.6994498553584 ],
[ 56.42330480888324 , -33.57894824292645 ],
[ 56.67047910966224 , -33.45808463046849 ],
[ 56.917062599078044 , -33.33685901798452 ],
[ 57.16305527713064 , -33.21528165075829 ],
[ 57.408463974009194 , -33.093349113695226 ],
[ 57.65328527461913 , -32.971068236984486 ],
[ 57.89753283933879 , -32.84843902062608 ],
[ 58.14119983797899 , -32.72546829480917 ],
[ 58.38429993091808 , -32.60215605953376 ],
[ 58.62681945777773 , -32.47850914498902 ],
[ 58.86877890912543 , -32.354524136080364 ],
[ 59.11017828496119 , -32.230211278091545 ],
[ 59.35101075509584 , -32.10557057102257 ],
[ 59.59128314971855 , -31.98060201487343 ],
[ 59.831002299018486 , -31.8553124398333 ],
[ 60.070175033184825 , -31.72970184590218 ],
[ 60.308794522028386 , -31.60377706326924 ],
[ 60.54687442592752 , -31.47753809193448 ],
[ 60.784407914693055 , -31.350988346992484 ],
[ 61.02140181851416 , -31.224131243537837 ],
[ 61.25786296758 , -31.096970196665122 ],
[ 61.49379136189058 , -30.969505206374347 ],
[ 61.72919383163507 , -30.84174310285467 ],
[ 61.96407037681347 , -30.713683886106104 ],
[ 62.19842099742578 , -30.58533097122322 ],
[ 62.432259353850334 , -30.45668777330062 ],
[ 62.66557861589797 , -30.327757707432873 ],
[ 62.89837878356868 , -30.19854418871457 ],
[ 63.13068034742999 , -30.069047217145716 ],
[ 63.36246964710354 , -29.939270207820886 ],
[ 63.59376034296768 , -29.809216575834675 ],
[ 63.82455243502241 , -29.67888973628166 ],
[ 64.05484592326773 , -29.548293104256434 ],
[ 64.2846476378928 , -29.41742667975899 ],
[ 64.51396440908682 , -29.286293877883914 ],
[ 64.74279623684976 , -29.15490152882038 ],
[ 64.97113629099245 , -29.023246217473798 ],
[ 65.19900506208242 , -28.891331358938757 ],
[ 65.42640255011965 , -28.759163783404425 ],
[ 65.65332192491499 , -28.6267434908708 ],
[ 65.87977001665759 , -28.494073896432475 ],
[ 66.1057604857258 , -28.361156707636734 ],
[ 66.33127967174129 , -28.227995339578165 ],
[ 66.55634806527154 , -28.09459149980406 ],
[ 66.78095883612741 , -27.96094860340901 ],
[ 67.00511881449806 , -27.827068357940295 ],
[ 67.22882800038349 , -27.6929558860398 ],
[ 67.45209322397287 , -27.558609480160236 ],
[ 67.67491448526619 , -27.424034262943476 ],
[ 67.89729861445264 , -27.289233649484103 ],
[ 68.11925244172137 , -27.154207639782122 ],
[ 68.34076913688322 , -27.018959648932114 ],
[ 68.56186236031654 , -26.883493092028665 ],
[ 68.78252528183214 , -26.74780967661907 ],
[ 69.00277156180837 , -26.61191281779791 ],
[ 69.22260120024522 , -26.47580422311248 ],
[ 69.44201419714271 , -26.339483892562782 ],
[ 69.66101055250084 , -26.202958656337984 ],
[ 69.87960392669792 , -26.06622851443808 ],
[ 70.09779431973398 , -25.929295174410374 ],
[ 70.31558173160902 , -25.792163758896734 ],
[ 70.532966162323 , -25.654834267897165 ],
[ 70.74996127225431 , -25.51730840895896 ],
[ 70.96656706140293 , -25.37959130472399 ],
[ 71.18278352976884 , -25.241682955192264 ],
[ 71.39861750754125 , -25.10358677545836 ],
[ 71.61406899472013 , -24.96530618061687 ],
[ 71.8291379913055 , -24.826841170667784 ],
[ 72.04383815767568 , -24.688195160705696 ],
[ 72.2581626636415 , -24.549369858277895 ],
[ 72.47212516958132 , -24.410368678478967 ],
[ 72.68571884530597 , -24.27119162130891 ],
[ 72.8989505210046 , -24.131843809409602 ],
[ 73.11182702686638 , -23.992326950328334 ],
[ 73.32435519308049 , -23.852641044065113 ],
[ 73.5365213592686 , -23.71279121326181 ],
[ 73.74834601599821 , -23.572777457918423 ],
[ 73.95982233308014 , -23.432603193129545 ],
[ 74.17096397089274 , -23.292270126442464 ],
[ 74.38175726905769 , -23.151779965404472 ],
[ 74.59222271814245 , -23.011137832657447 ],
[ 74.8023534879579 , -22.8703403131068 ],
[ 75.01216323888235 , -22.729395944489006 ],
[ 75.22163831053747 , -22.588301311709465 ],
[ 75.43079919349077 , -22.447061537410065 ],
[ 75.63963905755308 , -22.305680036685388 ],
[ 75.84816473291357 , -22.164155101988136 ],
[ 76.05637621957224 , -22.022491855960194 ],
[ 76.26428034771826 , -21.88069029860156 ],
[ 76.47187711735162 , -21.73875555255411 ],
[ 76.67917335866152 , -21.59668591027055 ],
[ 76.88616907164791 , -21.454486494392764 ],
[ 77.09287108650001 , -21.312157304920746 ],
[ 77.2992794032178 , -21.169703464496376 ],
[ 77.50540085199044 , -21.02712326557236 ],
[ 77.71123543281794 , -20.884420123243284 ],
[ 77.91678314570031 , -20.74159745260373 ],
[ 78.1220508208267 , -20.598655253653703 ],
[ 78.3270452883863 , -20.455596941487787 ],
[ 78.53176654837908 , -20.312424223653274 ],
[ 78.73621460080508 , -20.169138807697454 ],
[ 78.94039627585344 , -20.025744108714914 ],
[ 79.14431157352418 , -19.882240126705653 ],
[ 79.34796732400645 , -19.738628569216964 ],
[ 79.55136352730025 , -19.594912851343434 ],
[ 79.75450701359478 , -19.451096388179646 ],
[ 79.95739778289 , -19.307177472178306 ],
[ 80.1600426653751 , -19.163161225981295 ],
[ 80.3624416610501 , -19.01904764958861 ],
[ 80.56459476991496 , -18.874838450547546 ],
[ 80.76651565234805 , -18.730537043952687 ],
[ 80.96819064797101 , -18.586146844898618 ],
[ 81.16964024735137 , -18.441666145838045 ],
[ 81.37085762029994 , -18.297098361865554 ],
[ 81.57184276681674 , -18.15244520052844 ],
[ 81.7726093472801 , -18.007710076921285 ],
[ 81.97315053150083 , -17.86289299104409 ],
[ 82.17347997985732 , -17.71799565044415 ],
[ 82.37359086216036 , -17.57302147021604 ],
[ 82.57349000859911 , -17.427972157907064 ],
[ 82.77318424936277 , -17.282849421064512 ],
[ 82.97266675426216 , -17.137654967235672 ],
[ 83.17194435348647 , -16.992390503967844 ],
[ 83.371030707414 , -16.84705773880831 ],
[ 83.56991215566643 , -16.701660086851664 ],
[ 83.76860235862209 , -16.55619584055061 ],
[ 83.967101316281 , -16.410670122547025 ],
[ 84.16541585883232 , -16.265084640388203 ],
[ 84.36353915608689 , -16.119439394074146 ],
[ 84.56148486842302 , -15.973737798699434 ],
[ 84.75925299584074 , -15.827979854264068 ],
[ 84.95683670815087 , -15.682170683409929 ],
[ 85.15425649592092 , -15.536308578589722 ],
[ 85.35149869877255 , -15.390396954898032 ],
[ 85.5485769770841 , -15.244437519882151 ],
[ 85.74549133085556 , -15.098431981089375 ],
[ 85.94224176008696 , -14.952383753614283 ],
[ 86.13883509496743 , -14.806291129909589 ],
[ 86.335271335497 , -14.660159232617167 ],
[ 86.53155048167565 , -14.513988061737015 ],
[ 86.72768619388174 , -14.36777932481643 ],
[ 86.92367164192608 , -14.221535583176347 ],
[ 87.11951365599786 , -14.075258544364063 ],
[ 87.31521223609707 , -13.928949915926866 ],
[ 87.51077421241287 , -13.782610551638404 ],
[ 87.7061927547561 , -13.636243866593261 ],
[ 87.90148835369428 , -13.489850714565087 ],
[ 88.09664734884906 , -13.34343280310117 ],
[ 88.29168340059877 , -13.19699269352245 ],
[ 88.48658967875426 , -13.050530385828926 ],
[ 88.68137301350467 , -12.904049295115188 ],
[ 88.87604706522838 , -12.757550275154877 ],
[ 89.07059817354703 , -12.611035887268933 ],
[ 89.26503316864978 , -12.464506985231003 ],
[ 89.4593588807258 , -12.317966130362025 ],
[ 89.65357530977512 , -12.171415030209294 ],
[ 89.84768928598689 , -12.024853684772806 ],
[ 90.04170080936109 , -11.878286362920795 ],
[ 90.23561671008693 , -11.73171306465326 ],
[ 90.4294301579752 , -11.58513635129114 ],
[ 90.6231479832151 , -11.438557930381728 ],
[ 90.8167770159958 , -11.291978655698669 ],
[ 91.01031725631728 , -11.145401088562902 ],
[ 91.20376870417955 , -10.998826936521722 ],
[ 91.39713818977178 , -10.852257907122418 ],
[ 91.59043254328314 , -10.705694854138638 ],
[ 91.7836381043353 , -10.559140338891321 ],
[ 91.97677536349575 , -10.412596068927758 ],
[ 92.16983749057533 , -10.266063751795244 ],
[ 92.3628313157632 , -10.119545095041069 ],
[ 92.55575683905938 , -9.97304095243888 ],
[ 92.74862089065304 , -9.826553885309616 ],
[ 92.94142347054415 , -9.680085601200572 ],
[ 93.13416457873275 , -9.533637807659035 ],
[ 93.32684421521881 , -9.387212212232303 ],
[ 93.51947604038068 , -9.240809668694018 ],
[ 93.71205322402919 , -9.094432738365121 ],
[ 93.9045825963535 , -8.948083128792904 ],
[ 94.09706415735364 , -8.801762547524659 ],
[ 94.28950473721875 , -8.65547270210768 ],
[ 94.48190433594884 , -8.509214446315612 ],
[ 94.67426978373307 , -8.362990341469393 ],
[ 94.86659425038229 , -8.216802095116318 ],
[ 95.05888456608567 , -8.070650561030032 ],
[ 95.25114756103235 , -7.924539154305119 ],
[ 95.44338323522236 , -7.778467021167934 ],
[ 95.63559158865569 , -7.632438430486707 ],
[ 95.82777945152151 , -7.48645338226144 ],
[ 96.01993999363064 , -7.34051443781307 ],
[ 96.21209370555061 , -7.194622450915244 ],
[ 96.40422692690308 , -7.048779982888901 ],
[ 96.59634648787718 , -6.902988741281332 ],
[ 96.78845921866214 , -6.757249579866185 ],
[ 96.98055828906875 , -6.611564633077575 ],
[ 97.17265735947535 , -6.465936035349618 ],
[ 97.36475642988196 , -6.320364640455958 ],
[ 97.55685550028858 , -6.174853009717538 ],
[ 97.74895457069519 , -6.029401996908001 ],
[ 97.94105364110179 , -5.884014163348286 ],
[ 98.13316637188674 , -5.73869036281204 ],
[ 98.32529276305003 , -5.593432729733379 ],
[ 98.5174259844025 , -5.448243398546418 ],
[ 98.70957969632245 , -5.303123223024803 ],
[ 98.90174706862076 , -5.158073910715827 ],
[ 99.09393493148659 , -5.013098022940429 ],
[ 99.28615011510908 , -4.868196413472255 ],
[ 99.4783857892991 , -4.723371643632244 ],
[ 99.67064878424578 , -4.578624567194041 ],
[ 99.86294593013832 , -4.4339568917049395 ],
[ 100.05527722697671 , -4.289371178485879 ],
[ 100.24763584457178 , -4.1448682813105036 ],
[ 100.44003544330187 , -4.000450334612931 ],
[ 100.63247602316697 , -3.8561190459404524 ],
[ 100.82495758416711 , -3.7118756959535384 ],
[ 101.01748695649142 , -3.567722632529715 ],
[ 101.21006414013993 , -3.423661349772864 ],
[ 101.40268913511264 , -3.279693128343454 ],
[ 101.59536194140952 , -3.135820316119013 ],
[ 101.78809621940894 , -2.99204419376001 ],
[ 101.98088513892172 , -2.848366682257149 ],
[ 102.17373553013704 , -2.704789275714311 ],
[ 102.3666405628657 , -2.5613141085656115 ],
[ 102.55961389748607 , -2.41794246147152 ],
[ 102.75265553399815 , -2.2746764688661525 ],
[ 102.94576547240192 , -2.1315174114099777 ],
[ 103.13894371269738 , -1.9884674235371116 ],
[ 103.3322039152629 , -1.8455282127948467 ],
[ 103.52553241972011 , -1.702701166565358 ],
[ 103.71894288644735 , -1.5599883125610554 ],
[ 103.91242848525548 , -1.4173913583292315 ],
[ 104.10600287652281 , -1.2749120114171788 ],
[ 104.29965923006019 , -1.1325520860938956 ],
[ 104.49340437605676 , -0.9903131831849684 ],
[ 104.68724514470172 , -0.8481971169593958 ],
[ 104.8811747058059 , -0.7062057016861759 ],
[ 105.07519988955845 , -0.5643405915517483 ],
[ 105.26932069595938 , -0.4226036808663907 ],
[ 105.4635371250087 , -0.28099662381654267 ],
[ 105.65786283708472 , -0.13952122133098926 ],
[ 105.85229100199831 , 0.0018207604711032925 ],
[ 106.04682161974944 , 0.14302756297443878 ],
[ 106.24146835071647 , 0.2840973962975962 ],
[ 106.43621753452103 , 0.4250284780630246 ],
[ 106.6310828315415 , 0.5658190607027916 ],
[ 106.82607107196704 , 0.7064673299478991 ],
[ 107.02116859541927 , 0.8469715248902017 ],
[ 107.21638906227658 , 0.9873298846215538 ],
[ 107.41173247253894 , 1.1275404347903988 ],
[ 107.60719882620637 , 1.2676016812928554 ],
[ 107.80279495346802 , 1.407511596416514 ],
[ 107.99852085432391 , 1.547268365892376 ],
[ 108.19437652877403 , 1.686870388894855 ],
[ 108.39036197681837 , 1.826315744433247 ],
[ 108.58649085883529 , 1.9656025115168476 ],
[ 108.7827563446356 , 2.1047289825983646 ],
[ 108.97915843421931 , 2.243693236687094 ],
[ 109.17570395777561 , 2.3824935662357425 ],
[ 109.37239974549364 , 2.5211282636970185 ],
[ 109.56923896718423 , 2.659595194636806 ],
[ 109.76622845303656 , 2.7978926515078126 ],
[ 109.96336820305065 , 2.936018713319334 ],
[ 110.16065821722647 , 3.07397188596749 ],
[ 110.35811215594237 , 3.211750035018164 ],
[ 110.55571635882 , 3.3493512394806526 ],
[ 110.75348448623772 , 3.486773578364251 ],
[ 110.95141653819552 , 3.6240155575650794 ],
[ 111.1495125146934 , 3.7610752560924325 ],
[ 111.34777924592053 , 3.8979505395121956 ],
[ 111.54620990168775 , 4.034639700277076 ],
[ 111.7448113121842 , 4.171140603952957 ],
[ 111.94358347740992 , 4.307451542992548 ],
[ 112.14254005774322 , 4.443570809848556 ],
[ 112.34166739280576 , 4.5794966969736866 ],
[ 112.54097231278674 , 4.715226643047004 ],
[ 112.74046847806447 , 4.850759367408036 ],
[ 112.94014222826063 , 4.986092308735845 ],
[ 113.14000039356436 , 5.121224186369963 ],
[ 113.34004980416486 , 5.256152865876272 ],
[ 113.54029046006214 , 5.3908762128206575 ],
[ 113.74072236125616 , 5.525392519655828 ],
[ 113.94134550774695 , 5.659700078834489 ],
[ 114.14216672972366 , 5.793796755922526 ],
[ 114.3431860271863 , 5.927680416485823 ],
[ 114.54441023032405 , 6.061349352977089 ],
[ 114.74582567875855 , 6.194801430962206 ],
[ 114.94746652343566 , 6.328034942893883 ],
[ 115.14929861340954 , 6.461047754338003 ],
[ 115.35133560905852 , 6.593837730860453 ],
[ 115.55359117076094 , 6.726403591800761 ],
[ 115.7560652985168 , 6.858742775837989 ],
[ 115.95874433194776 , 6.990853575424845 ],
[ 116.16164193143216 , 7.12273342924039 ],
[ 116.36475809697 , 7.2543814835109774 ],
[ 116.56809282856128 , 7.385794323142023 ],
[ 116.77165978658434 , 7.516971521246703 ],
[ 116.97544531066083 , 7.647909662730433 ],
[ 117.17946306116912 , 7.778607040045919 ],
[ 117.38369937773084 , 7.909062799419516 ],
[ 117.58816792072435 , 8.03927352575664 ],
[ 117.79286869014962 , 8.169238365283642 ],
[ 117.99781534638502 , 8.29895390290594 ],
[ 118.20298056867387 , 8.428419284849884 ],
[ 118.40840533815117 , 8.557631949794539 ],
[ 118.61404867368192 , 8.68659019019261 ],
[ 118.81995155640112 , 8.815291444723162 ],
[ 119.0260866655521 , 8.943734005838898 ],
[ 119.23246766151321 , 9.071916165992528 ],
[ 119.43910820466277 , 9.19983536386311 ],
[ 119.64598097424413 , 9.32748903812971 ],
[ 119.85312695139227 , 9.45487633501868 ],
[ 120.06050515497219 , 9.58199469320908 ],
[ 120.26814290574059 , 9.70884155137997 ],
[ 120.47604020369744 , 9.835415201984063 ],
[ 120.68419704884273 , 9.96171393747406 ],
[ 120.89261344117651 , 10.087735196529028 ],
[ 121.10130304107707 , 10.213476417828023 ],
[ 121.31023852778777 , 10.338936747597403 ],
[ 121.51944722206525 , 10.46411277074258 ],
[ 121.72892912390955 , 10.589002779716264 ],
[ 121.9386705729423 , 10.713605066971159 ],
[ 122.14868522954185 , 10.837917924959976 ],
[ 122.3589730937082 , 10.961937938588129 ],
[ 122.56953416544135 , 11.085663400308325 ],
[ 122.78038210511966 , 11.209092602573271 ],
[ 122.99148959198641 , 11.33222298406203 ],
[ 123.20289760717664 , 11.455052837227308 ],
[ 123.41456516955533 , 11.57757874697452 ],
[ 123.62653326025752 , 11.699800713303668 ],
[ 123.8387745585265 , 11.821714467346519 ],
[ 124.05130272474061 , 11.943319155329425 ],
[ 124.26411775889986 , 12.06461221593145 ],
[ 124.47721966100426 , 12.185591087831655 ],
[ 124.69062209143213 , 12.306254917256393 ],
[ 124.90431138980516 , 12.426599435337433 ],
[ 125.11828755612332 , 12.546623788301128 ],
[ 125.33256425076496 , 12.66632541482654 ],
[ 125.54714147373008 , 12.785702607366376 ],
[ 125.76201922501868 , 12.904751950826052 ],
[ 125.97718384425242 , 13.023472591431922 ],
[ 126.19266265218798 , 13.141861967863045 ],
[ 126.40842832806868 , 13.259916665024837 ],
[ 126.6245081926512 , 13.3776366829173 ],
[ 126.84090224593555 , 13.4950177526722 ],
[ 127.05759682754338 , 13.612058166742246 ],
[ 127.27459193747468 , 13.728756217580147 ],
[ 127.49190123610781 , 13.845108490091313 ],
[ 127.70952472344275 , 13.961114130502102 ],
[ 127.92746239947952 , 14.076770577491574 ],
[ 128.14570060383977 , 14.19207526973879 ],
[ 128.36426665728018 , 14.307025645922813 ],
[ 128.58314689942242 , 14.421619998496348 ],
[ 128.80234133026644 , 14.535854912364812 ],
[ 129.02184994981232 , 14.649729533754556 ],
[ 129.24168641843835 , 14.763242155118292 ],
[ 129.46185073614456 , 14.876387653814136 ],
[ 129.68232924255256 , 14.989166029842096 ],
[ 129.90312193766238 , 15.10157386810758 ],
[ 130.12425614223073 , 15.213611168610592 ],
[ 130.3457045355009 , 15.32527110116196 ],
[ 130.56749443822952 , 15.43655708085627 ],
[ 130.78959852966 , 15.547462277504353 ],
[ 131.01203047017063 , 15.657984983558913 ],
[ 131.23480392013977 , 15.768125199019954 ],
[ 131.4579052191891 , 15.877877801245596 ],
[ 131.68133436731853 , 15.987242790235841 ],
[ 131.90510502490648 , 16.0962167508961 ],
[ 132.1292035315746 , 16.20479797567909 ],
[ 132.35364354770124 , 16.31298304949021 ],
[ 132.578411412908 , 16.42076855723489 ],
[ 132.8035207875733 , 16.528156206460416 ],
[ 133.02897167169706 , 16.63514087452491 ],
[ 133.25475040490102 , 16.74171914633379 ],
[ 133.48088430794178 , 16.84789102188705 ],
[ 133.70734606006272 , 16.953653086090114 ],
[ 133.93416298202052 , 17.059003631395683 ],
[ 134.16130775305845 , 17.163939242709176 ],
[ 134.38880769393324 , 17.268458212483296 ],
[ 134.61664914426652 , 17.37255712562346 ],
[ 134.84483210405833 , 17.47623598212967 ],
[ 135.07335657330862 , 17.579489659360043 ],
[ 135.30223621239574 , 17.682318157314587 ],
[ 135.53145736094135 , 17.784716353351417 ],
[ 135.7610200189455 , 17.886684247470537 ],
[ 135.99093784678647 , 17.988220132124653 ],
[ 136.22121084446425 , 18.08931888467189 ],
[ 136.45181169122225 , 18.189978797564955 ],
[ 136.68278136819538 , 18.290199870803843 ],
[ 136.91409255462705 , 18.38997698174668 ],
[ 137.14575891089552 , 18.489308422846175 ],
[ 137.37778043700087 , 18.588192486555037 ],
[ 137.6101434725647 , 18.686625757778675 ],
[ 137.84286167796537 , 18.784608236517094 ],
[ 138.0759350532029 , 18.882134800128412 ],
[ 138.3093499378989 , 18.97920374106534 ],
[ 138.54311999243177 , 19.075813351780585 ],
[ 138.7772588771798 , 19.171960217179564 ],
[ 139.01173927138635 , 19.26764262971498 ],
[ 139.24657483542973 , 19.362858881839543 ],
[ 139.48176556930994 , 19.457605558458667 ],
[ 139.71729781264864 , 19.551880952025062 ],
[ 139.95319888620256 , 19.64568164744414 ],
[ 140.18944146921496 , 19.739005937168606 ],
[ 140.42605288244255 , 19.831850406103882 ],
[ 140.66300580512862 , 19.924215054249967 ],
[ 140.9003275580299 , 20.01609646651227 ],
[ 141.13799082038963 , 20.10748952024892 ],
[ 141.37600925258624 , 20.1983959230072 ],
[ 141.6143828546197 , 20.288812259692538 ],
[ 141.85311162648998 , 20.37873340766305 ],
[ 142.0921955681971 , 20.468161074466025 ],
[ 142.3316346797411 , 20.557088429912298 ],
[ 142.57142896112188 , 20.645517181549163 ],
[ 142.81156475196119 , 20.733442206734736 ],
[ 143.05206937301568 , 20.82086350546902 ],
[ 143.29291550352866 , 20.907775955110143 ],
[ 143.5341168038785 , 20.994179555658096 ],
[ 143.77565961368683 , 21.0800708920183 ],
[ 144.01757125371034 , 21.165446549096167 ],
[ 144.25982440319234 , 21.250306526891695 ],
[ 144.5024327225112 , 21.334645702763012 ],
[ 144.74538255128857 , 21.41846578425741 ],
[ 144.98868754990275 , 21.501759941185714 ],
[ 145.2323477183538 , 21.58452817354793 ],
[ 145.47634939626332 , 21.66676706624947 ],
[ 145.72069258363135 , 21.748476619290333 ],
[ 145.96539094083624 , 21.82965171002864 ],
[ 146.21044446787795 , 21.910290630917103 ],
[ 146.45582584399983 , 21.99039338195572 ],
[ 146.70156238995855 , 22.069954840502614 ],
[ 146.94764044537578 , 22.148973299010493 ],
[ 147.1940600102515 , 22.22744704993206 ],
[ 147.4408210845857 , 22.30537438572003 ],
[ 147.68793732875676 , 22.38275189127981 ],
[ 147.935381422008 , 22.459577859064115 ],
[ 148.1831670247177 , 22.535848873978352 ],
[ 148.43129413688595 , 22.61156493602253 ],
[ 148.67974909813432 , 22.686720922554766 ],
[ 148.9285455688412 , 22.76131683357506 ],
[ 149.1776835490066 , 22.835349253988827 ],
[ 149.42714937825212 , 22.908816476248777 ],
[ 149.67694305657784 , 22.981716792807617 ],
[ 149.92707824436206 , 23.05404678857076 ],
[ 150.17752762084808 , 23.125804755990913 ],
[ 150.4283185067926 , 23.196988987520786 ],
[ 150.67943724181728 , 23.267596068065792 ],
[ 150.93088382592214 , 23.33762599762593 ],
[ 151.1826445987288 , 23.40707365355933 ],
[ 151.434746880994 , 23.475939035865984 ],
[ 151.68714969158265 , 23.54421872945131 ],
[ 151.9398940116298 , 23.611911026768013 ],
[ 152.19293886000042 , 23.679014220268805 ],
[ 152.44631155745122 , 23.745526602406386 ],
[ 152.6999847832255 , 23.81144475808618 ],
[ 152.95398585807993 , 23.87676697976089 ],
[ 153.20830112163617 , 23.94149155988322 ],
[ 153.46291691351593 , 24.005616790905886 ],
[ 153.71784689409748 , 24.0691392577343 ],
[ 153.9730774030025 , 24.132057252821163 ],
[ 154.22862210060936 , 24.19436906861919 ],
[ 154.48445366616136 , 24.256072997581086 ],
[ 154.74059942041518 , 24.317167332159556 ],
[ 154.99703204261414 , 24.37764865726002 ],
[ 155.25377885351492 , 24.437515265335183 ],
[ 155.51081253236083 , 24.49676544883775 ],
[ 155.7681330791519 , 24.555399207767724 ],
[ 156.0257404938881 , 24.613411419483228 ],
[ 156.28364843694777 , 24.67080208398426 ],
[ 156.54182958757426 , 24.727567786176234 ],
[ 156.80031126652423 , 24.783708526059154 ],
[ 157.059066153041 , 24.839220888538435 ],
[ 157.31809424712455 , 24.894103166066778 ],
[ 157.57739554877492 , 24.948353651096898 ],
[ 157.83698371837042 , 25.00197234362879 ],
[ 158.09684509553273 , 25.05495412102058 ],
[ 158.3569660198835 , 25.107298983272266 ],
[ 158.61736015180105 , 25.15900522283655 ],
[ 158.8780138309071 , 25.21006942461886 ],
[ 159.13892705720156 , 25.26049158861919 ],
[ 159.40009983068452 , 25.310270007290242 ],
[ 159.6615321513559 , 25.359402973084727 ],
[ 159.92322401921578 , 25.407887070908064 ],
[ 160.1851617738858 , 25.455720593212956 ],
[ 160.4473454153659 , 25.502905247546696 ],
[ 160.70977494365613 , 25.549434203720114 ],
[ 160.97245035875648 , 25.5953108768278 ],
[ 161.2353580002886 , 25.640530144227867 ],
[ 161.49851152863084 , 25.68509200592032 ],
[ 161.7618972834049 , 25.72899475435787 ],
[ 162.0255152646107 , 25.772236681993224 ],
[ 162.28935181186995 , 25.814816081279083 ],
[ 162.55342058556099 , 25.856729537120867 ],
[ 162.81770792530546 , 25.897978757065864 ],
[ 163.08221383110336 , 25.93856203356679 ],
[ 163.34693830295473 , 25.978474243981758 ],
[ 163.61188134085953 , 26.017717095858067 ],
[ 163.87701562406107 , 26.05628888164842 ],
[ 164.14236847331608 , 26.09418789380553 ],
[ 164.40792622824617 , 26.1314124247821 ],
[ 164.67367522847303 , 26.167960767030838 ],
[ 164.93962913437497 , 26.203832920551744 ],
[ 165.20577428557368 , 26.239025470250233 ],
[ 165.47211068206917 , 26.2735401236736 ],
[ 165.73862466348308 , 26.30737175817997 ],
[ 166.00532989019374 , 26.340522081316625 ],
[ 166.27219904144445 , 26.372987677988988 ],
[ 166.53925943799197 , 26.40477025574435 ],
[ 166.80648375907955 , 26.435864691940832 ],
[ 167.07388566508556 , 26.466272694125728 ],
[ 167.34145149563162 , 26.49599426229904 ],
[ 167.60916759033944 , 26.525024273818886 ],
[ 167.87704760958735 , 26.55336443623256 ],
[ 168.14509155337532 , 26.581013041992772 ],
[ 168.4132721009467 , 26.60796838355223 ],
[ 168.68160291267984 , 26.634230460910928 ],
[ 168.95008398857468 , 26.65979756652158 ],
[ 169.21870166825295 , 26.684667992836886 ],
[ 169.48745595171462 , 26.708843447404146 ],
[ 169.75633317858134 , 26.732318807581482 ],
[ 170.02534700923144 , 26.755097488463473 ],
[ 170.29448378328664 , 26.777176074955538 ],
[ 170.56374350074688 , 26.79855456705768 ],
[ 170.83311250123384 , 26.8192312572226 ],
[ 171.10260444512588 , 26.839207852997596 ],
[ 171.3722056720446 , 26.858479231740787 ],
[ 171.64190252161174 , 26.877048808546757 ],
[ 171.91170865420557 , 26.894913168320926 ],
[ 172.18159674906946 , 26.91207231106329 ],
[ 172.45159412696006 , 26.92852452922656 ],
[ 172.7216734671207 , 26.944273237905318 ],
[ 172.99184842992972 , 26.959313314457685 ],
[ 173.26209169463044 , 26.973644758883662 ],
[ 173.53241692160123 , 26.987269278730547 ],
[ 173.802824110842 , 27.00018516645104 ],
[ 174.0732859415962 , 27.012390714497855 ],
[ 174.34381607424206 , 27.023887630418276 ],
[ 174.61441450877962 , 27.03467420666502 ],
[ 174.88506758483055 , 27.04474873569079 ],
[ 175.15577530239483 , 27.054112925042876 ],
[ 175.42652400109412 , 27.062766774721283 ],
[ 175.6973273413068 , 27.070706869631422 ],
[ 175.96815800227614 , 27.077934917320587 ],
[ 176.2390296443805 , 27.08445091778878 ],
[ 176.5099422676199 , 27.090253163488708 ],
[ 176.78088221161596 , 27.095343361967657 ],
[ 177.05183581599036 , 27.099719805678344 ],
[ 177.32281674112144 , 27.103382494620764 ],
[ 177.59381132663088 , 27.106331428794917 ],
[ 177.86481957251866 , 27.108566608200803 ],
[ 178.13584147878476 , 27.110088032838423 ],
[ 178.40686338505085 , 27.110893995160485 ],
[ 178.67787163093863 , 27.11098791026157 ],
[ 178.94889353720473 , 27.110366363047103 ],
[ 179.21988812271417 , 27.10902935351707 ],
[ 179.49088270822358 , 27.106978589218773 ],
[ 179.76186363335466 , 27.104215777699505 ],
[ 180.03280357735073 , 27.100735796317384 ],
[ 180.30372986096847 , 27.096543767714287 ],
[ 180.5746288238295 , 27.091636276795633 ],
[ 180.84550046593387 , 27.086016738656006 ],
[ 181.1163174665249 , 27.07968173820082 ],
[ 181.3871071463592 , 27.07263469052466 ],
[ 181.65784218468016 , 27.064873888080232 ],
[ 181.92852258148778 , 27.05639933086754 ],
[ 182.19914833678203 , 27.04721272643387 ],
[ 182.46973311094123 , 27.03731407477923 ],
[ 182.74023592283044 , 27.026703375903615 ],
[ 183.01068409320627 , 27.015380629807026 ],
[ 183.28105030131204 , 27.003347544036757 ],
[ 183.55134820752613 , 26.99060241104551 ],
[ 183.82156415147017 , 26.97714693838059 ],
[ 184.09169813314418 , 26.962982833589273 ],
[ 184.36175015254813 , 26.948106681576984 ],
[ 184.63170654930371 , 26.9325236049856 ],
[ 184.90156732341092 , 26.916231896267828 ],
[ 185.17133247486976 , 26.89923155542367 ],
[ 185.44098834330185 , 26.8815259975477 ],
[ 185.71053492870723 , 26.863111807545348 ],
[ 185.9799722310859 , 26.84399240051119 ],
[ 186.24930025043784 , 26.824167776445226 ],
[ 186.5185053263847 , 26.80363793534746 ],
[ 186.78758745892654 , 26.782406292312476 ],
[ 187.05654664806332 , 26.76046943224569 ],
[ 187.32536923341667 , 26.73783077024168 ],
[ 187.59406887536497 , 26.714492013847746 ],
[ 187.86261825315154 , 26.690451455516595 ],
[ 188.1310310271547 , 26.665710802795516 ],
[ 188.3992935369961 , 26.640271763231805 ],
[ 188.6674057826758 , 26.614134336825458 ],
[ 188.93536776419373 , 26.58730023112377 ],
[ 189.20317948154994 , 26.55976944612674 ],
[ 189.4708136139877 , 26.531543689381664 ],
[ 189.73829748226376 , 26.50262466843583 ],
[ 190.00560376562137 , 26.473012383289237 ],
[ 190.27274612443892 , 26.442708541489186 ],
[ 190.53971089833803 , 26.411711435488375 ],
[ 190.80649808731872 , 26.380026187928685 ],
[ 191.073107691381 , 26.347652798810117 ],
[ 191.33951238976817 , 26.31459126813267 ],
[ 191.60573950323695 , 26.280841595896344 ],
[ 191.87177537140894 , 26.246408904743017 ],
[ 192.13761999428417 , 26.211291487125397 ],
[ 192.40324605110598 , 26.175491050590775 ],
[ 192.668680862631 , 26.139009302686446 ],
[ 192.93391076848093 , 26.101846243412407 ],
[ 193.19892210827743 , 26.064005287863242 ],
[ 193.46372854239883 , 26.025486436038957 ],
[ 193.7283164104668 , 25.986291395486838 ],
[ 193.9926857124813 , 25.94642187375418 ],
[ 194.25683644844236 , 25.905877870840985 ],
[ 194.52074129759333 , 25.864662801841835 ],
[ 194.78444124106917 , 25.82277666675673 ],
[ 195.0478952977349 , 25.78022117313297 ],
[ 195.31111712796886 , 25.736998028517835 ],
[ 195.5740930713927 , 25.693107232911334 ],
[ 195.83683678838474 , 25.648552201408048 ],
[ 196.09932095818831 , 25.60333464155527 ],
[ 196.36157290156015 , 25.557456260900295 ],
[ 196.62356529774348 , 25.51091535189583 ],
[ 196.88531180711672 , 25.46371703718375 ],
[ 197.14679876930148 , 25.415863024311346 ],
[ 197.4080261842978 , 25.36735160573133 ],
[ 197.66899405210563 , 25.318187904085576 ],
[ 197.9296887123467 , 25.2683702118268 ],
[ 198.19012382539927 , 25.217903651596867 ],
[ 198.45028573088507 , 25.166788223395784 ],
[ 198.71017442880404 , 25.11502563477084 ],
[ 198.96978991915623 , 25.062617593269334 ],
[ 199.22911854156328 , 25.00956580643855 ],
[ 199.48817395640353 , 24.95587368937308 ],
[ 199.7469425032986 , 24.90153953452563 ],
[ 200.00543784262692 , 24.846568464538073 ],
[ 200.26363265363173 , 24.790960479410415 ],
[ 200.52154059669144 , 24.734718994237237 ],
[ 200.77914801142762 , 24.677844009018543 ],
[ 201.03646855821867 , 24.62033723130162 ],
[ 201.29348857668626 , 24.562202076181055 ],
[ 201.5502217272087 , 24.503440251204143 ],
[ 201.80664068902934 , 24.444051756370882 ],
[ 202.06275912252647 , 24.38404171432315 ],
[ 202.3185633673218 , 24.323408417513654 ],
[ 202.5740670837936 , 24.262156988584273 ],
[ 202.82925661156364 , 24.200287427535006 ],
[ 203.08413195063181 , 24.137803149460435 ],
[ 203.3386931009982 , 24.074704154360568 ],
[ 203.59294006266276 , 24.01099385732998 ],
[ 203.8468728356255 , 23.94667396591597 ],
[ 204.10047775950807 , 23.88174789521312 ],
[ 204.3537684946888 , 23.816213937674142 ],
[ 204.6067313807894 , 23.75007721594091 ],
[ 204.85936641780984 , 23.683339437560715 ],
[ 205.11167360575013 , 23.61600231008085 ],
[ 205.36365294461024 , 23.54806754104861 ],
[ 205.61530443439017 , 23.47953683801129 ],
[ 205.86661441471162 , 23.410413616063465 ],
[ 206.11759654595292 , 23.34069958275244 ],
[ 206.36825082811404 , 23.270396445625497 ],
[ 206.61854994043833 , 23.199505912229935 ],
[ 206.86852120368246 , 23.128031397660337 ],
[ 207.1181509574681 , 23.055972901916704 ],
[ 207.3674392017952 , 22.98333554764091 ],
[ 207.61638593666382 , 22.910119334832956 ],
[ 207.86499116207395 , 22.83632767858743 ],
[ 208.11325487802557 , 22.761960578904333 ],
[ 208.36116342414036 , 22.68702315842554 ],
[ 208.6087168004183 , 22.611515417151047 ],
[ 208.85592866723775 , 22.535439062628154 ],
[ 209.10279902459868 , 22.458799217498733 ],
[ 209.34931421212278 , 22.381595881762784 ],
[ 209.59547422981004 , 22.303832470514898 ],
[ 209.84127907766046 , 22.22550898375507 ],
[ 210.08672875567405 , 22.146630544125177 ],
[ 210.33182326385077 , 22.067197151625223 ],
[ 210.57656260219068 , 21.98721392889708 ],
[ 210.8209331103154 , 21.90667916839346 ],
[ 211.0649621089816 , 21.825597992756236 ],
[ 211.30862227743265 , 21.743970401985415 ],
[ 211.55192727604683 , 21.661801518722868 ],
[ 211.7948771048242 , 21.579093050515894 ],
[ 212.03745810338637 , 21.495844997364486 ],
[ 212.2796839321117 , 21.41206077436323 ],
[ 212.52154093062185 , 21.327743796606715 ],
[ 212.76302909891683 , 21.24289406409494 ],
[ 213.00416209737494 , 21.15751669946978 ],
[ 213.2449262656179 , 21.07161170273124 ],
[ 213.485335264024 , 20.985182488973898 ],
[ 213.72537543221495 , 20.898232473292342 ],
[ 213.96504677019067 , 20.810761655686573 ],
[ 214.20434927795125 , 20.722773451251175 ],
[ 214.44328295549664 , 20.634269567533444 ],
[ 214.68186146320517 , 20.54525341962796 ],
[ 214.9200574803202 , 20.45572671508202 ],
[ 215.1578983275984 , 20.36569116144291 ],
[ 215.3953703446614 , 20.27515017380522 ],
[ 215.63247353150922 , 20.184105459716243 ],
[ 215.86920788814186 , 20.092560434270563 ],
[ 216.10557341455933 , 20.000515097468178 ],
[ 216.3415701107616 , 19.90797457195097 ],
[ 216.5771979767487 , 19.814938857718932 ],
[ 216.8124570125206 , 19.721411369866654 ],
[ 217.04734721807736 , 19.627393815941428 ],
[ 217.28186859341892 , 19.53288961103784 ],
[ 217.51602113854528 , 19.437902170250474 ],
[ 217.74980485345648 , 19.342429786032035 ],
[ 217.9832197381525 , 19.246479288571695 ],
[ 218.21626579263335 , 19.150048970322164 ],
[ 218.448943016899 , 19.053143953925314 ],
[ 218.68125141094947 , 18.955767654475736 ],
[ 218.91319097478475 , 18.857918364426133 ],
[ 219.1447753687832 , 18.759601206418385 ],
[ 219.37597727218815 , 18.660817887999784 ],
[ 219.60682400575624 , 18.56157011671762 ],
[ 219.83730190910916 , 18.461863015213773 ],
[ 220.06741098224688 , 18.36169487594095 ],
[ 220.29715122516942 , 18.26107082154103 ],
[ 220.52652263787678 , 18.159992559561303 ],
[ 220.7555388807473 , 18.058461797549064 ],
[ 220.98417263302431 , 17.956480243051605 ],
[ 221.21246487584284 , 17.8540530187108 ],
[ 221.44037462806781 , 17.751180124526655 ],
[ 221.66792921045595 , 17.64786497559375 ],
[ 221.89512862300725 , 17.544109279459377 ],
[ 222.1219592053434 , 17.439914743670833 ],
[ 222.34842095746433 , 17.3352847833227 ],
[ 222.57452753974843 , 17.230221105962272 ],
[ 222.8002789521957 , 17.12472712668413 ],
[ 223.02566153442777 , 17.018804553035576 ],
[ 223.250688946823 , 16.912455092563892 ],
[ 223.4753611893814 , 16.805682160363666 ],
[ 223.69966460172463 , 16.698485756434902 ],
[ 223.92362650460936 , 16.590871003419473 ],
[ 224.1472195772789 , 16.482839608864673 ],
[ 224.37045748011158 , 16.374391572770502 ],
[ 224.5933538734858 , 16.265532017778842 ],
[ 224.8158814366448 , 16.156262651436975 ],
[ 225.03806749034533 , 16.04658347374491 ],
[ 225.259898374209 , 15.936499607344524 ],
[ 225.48138774861417 , 15.826012759783104 ],
[ 225.70250829280414 , 15.715124638607948 ],
[ 225.92328732753563 , 15.603836951366345 ],
[ 226.14372485280865 , 15.492153113152881 ],
[ 226.3638072082448 , 15.380076539062143 ],
[ 226.58354805422243 , 15.267605521546836 ],
[ 226.8029473907416 , 15.154745183248837 ],
[ 227.02200521780225 , 15.04149723171544 ],
[ 227.24070787502603 , 14.927865082041231 ],
[ 227.45906902279134 , 14.813848734226207 ],
[ 227.6771023214765 , 14.699453310912249 ],
[ 227.89479411070315 , 14.584677104552062 ],
[ 228.11213073009296 , 14.469526945334817 ],
[ 228.32915316078095 , 14.354001125713221 ],
[ 228.54582042163207 , 14.238103914555508 ],
[ 228.76215983340308 , 14.121837019408964 ],
[ 228.9781713960939 , 14.005203001594534 ],
[ 229.19385510970454 , 13.888203568659508 ],
[ 229.4091973138567 , 13.770841281924826 ],
[ 229.62421166892872 , 13.653118702711424 ],
[ 229.83889817492056 , 13.535036684792951 ],
[ 230.05325683183224 , 13.416598643263992 ],
[ 230.26728763966375 , 13.297807139445483 ],
[ 230.4809905984151 , 13.178663027111075 ],
[ 230.6943657080863 , 13.059169721355348 ],
[ 230.90744028943402 , 12.93932807595195 ],
[ 231.12018702170158 , 12.819141505995466 ],
[ 231.332605904889 , 12.69861171903319 ],
[ 231.54469693899622 , 12.57774127638606 ],
[ 231.75648744477996 , 12.456531031827721 ],
[ 231.96797742224024 , 12.33498440045276 ],
[ 232.17913955062036 , 12.213103943582112 ],
[ 232.3899738299203 , 12.090889661215781 ],
[ 232.60053490165348 , 11.968345822221998 ],
[ 232.81076812430646 , 11.845474134148054 ],
[ 233.0206734978793 , 11.722276304541241 ],
[ 233.23030566388533 , 11.598754040948853 ],
[ 233.43960998081118 , 11.474909904691827 ],
[ 233.6486137694136 , 11.350746457091105 ],
[ 233.85734435044918 , 11.226265405693976 ],
[ 234.0657470824046 , 11.101468458047735 ],
[ 234.27384928603655 , 10.976359029246964 ],
[ 234.4816782821017 , 10.850937119291666 ],
[ 234.68920674984338 , 10.725206997050073 ],
[ 234.89643468926155 , 10.599169516295827 ],
[ 235.10336210035626 , 10.472826384576225 ],
[ 235.31001630388417 , 10.346181016985847 ],
[ 235.5163699790886 , 10.219234267298344 ],
[ 235.7224504467262 , 10.091988696834653 ],
[ 235.92823038604035 , 9.964446013142066 ],
[ 236.13373711778772 , 9.836608777541523 ],
[ 236.33897064196825 , 9.70847955135396 ],
[ 236.5439036378253 , 9.58005833457938 ],
[ 236.74856342611557 , 9.451349396086014 ],
[ 236.9529773275957 , 9.322353589647507 ],
[ 237.15709070075238 , 9.193072622811153 ],
[ 237.36093086634224 , 9.063509910671534 ],
[ 237.5644978243653 , 8.9336663070023 ],
[ 237.76779157482156 , 8.80354351935074 ],
[ 237.9708394384677 , 8.673144962811442 ],
[ 238.17361409454705 , 8.54247149115805 ],
[ 238.37611554305957 , 8.411524811937857 ],
[ 238.578371104762 , 8.280308340245451 ],
[ 238.78035345889762 , 8.148822929854473 ],
[ 238.9820899262231 , 8.01707028831222 ],
[ 239.1835531859818 , 7.885053830713275 ],
[ 239.38477055893037 , 7.752773557057639 ],
[ 239.58574204506883 , 7.620233736213541 ],
[ 239.78644032364048 , 7.4874335144073365 ],
[ 239.9869200361587 , 7.354377160507257 ],
[ 240.1871265411101 , 7.221066382060594 ],
[ 240.3870871592514 , 7.087501605954172 ],
[ 240.58682921133925 , 6.9536858203957514 ],
[ 240.786325376617 , 6.819620732932625 ],
[ 240.9855756550846 , 6.68530847799891 ],
[ 241.1845800467421 , 6.550750763141897 ],
[ 241.38333855158947 , 6.415949722795702 ],
[ 241.58190581114008 , 6.280907064507618 ],
[ 241.7801998631239 , 6.145624495824937 ],
[ 241.97827534905426 , 6.010104151181776 ],
[ 242.17613226893118 , 5.874347738125425 ],
[ 242.37377062275468 , 5.738357391090002 ],
[ 242.57116308976805 , 5.602134817622798 ],
[ 242.76836431148465 , 5.465681725271107 ],
[ 242.96531964639115 , 5.329000248469042 ],
[ 243.1620564152442 , 5.1920920947638995 ],
[ 243.35860193880046 , 5.054958971702968 ],
[ 243.55490157554664 , 4.917603440607189 ],
[ 243.75100996699604 , 4.7800263552502065 ],
[ 243.946899792392 , 4.6422302769529615 ],
[ 244.14259837249122 , 4.504216486375922 ],
[ 244.33807838653698 , 4.365987117953204 ],
[ 244.533367155286 , 4.227544306118923 ],
[ 244.72843735798156 , 4.088889331533548 ],
[ 244.92331631538036 , 3.950023901744373 ],
[ 245.1180040274824 , 3.810950578072335 ],
[ 245.312473173531 , 3.6716702142910815 ],
[ 245.50677839503953 , 3.53218537172155 ],
[ 245.7008650504946 , 3.392497544467623 ],
[ 245.8947877814096 , 3.252608440076592 ],
[ 246.08851926702786 , 3.112519979539161 ],
[ 246.28205950734935 , 2.972233870402623 ],
[ 246.47540850237405 , 2.83175182021427 ],
[ 246.6685935728587 , 2.6910757499648064 ],
[ 246.86158739804657 , 2.5502071537581132 ],
[ 247.05441729869437 , 2.409148166028306 ],
[ 247.2470559540454 , 2.267900280879265 ],
[ 247.43953068485638 , 2.126465205858284 ],
[ 247.63184149112726 , 1.9848448619560661 ],
[ 247.82398837285805 , 1.8430407432764926 ],
[ 248.01597133004876 , 1.701054984253679 ],
[ 248.2077903626994 , 1.5588889722698007 ],
[ 248.3994181500533 , 1.4165445215938557 ],
[ 248.59090933362376 , 1.2740234464948426 ],
[ 248.78226391341084 , 1.1313273477983476 ],
[ 248.97342724790116 , 0.9884579330516637 ],
[ 249.16445397860807 , 0.8454170165237891 ],
[ 249.3553441055316 , 0.7022061990403103 ],
[ 249.54607030791502 , 0.5588272415093729 ],
[ 249.73665990651506 , 0.4152817981174164 ],
[ 249.927085580575 , 0.2715716030921598 ],
[ 250.11740197160825 , 0.12769831062004267 ],
[ 250.30755443810142 , -0.016336380089275716 ],
[ 250.49757030081116 , -0.16053078983645594 ],
[ 250.68744955973753 , -0.3048832360871053 ],
[ 250.87721953563715 , -0.4493920829975774 ],
[ 251.06685290775337 , -0.5940555963401533 ],
[ 251.25634967608622 , -0.7388721486088197 ],
[ 251.44570984063566 , -0.8838400856171371 ],
[ 251.63496072215835 , -1.028957753178666 ],
[ 251.82407499989768 , -1.1742234971069665 ],
[ 252.01307999461028 , -1.3196355564938933 ],
[ 252.20197570629614 , -1.4651925439572715 ],
[ 252.3907621349553 , -1.6108925385063968 ],
[ 252.57941195983105 , -1.7567340460373884 ],
[ 252.76797982243676 , -1.9027152522812478 ],
[ 252.95643840201575 , -2.0488347698558 ],
[ 253.14476037781134 , -2.195090891213752 ],
[ 253.3330003913369 , -2.341482122251224 ],
[ 253.5211584425924 , -2.488006541977511 ],
[ 253.70917989006452 , -2.634662442845321 ],
[ 253.89711937526658 , -2.7814487576375955 ],
[ 254.08497689819862 , -2.9283633519202192 ],
[ 254.27275245886062 , -3.075404945032723 ],
[ 254.46041873649588 , -3.222571615984403 ],
[ 254.6480030518611 , -3.3698618706713774 ],
[ 254.8355054049563 , -3.517274428433178 ],
[ 255.02292579578145 , -3.664807154835688 ],
[ 255.21026422433656 , -3.8124587692184386 ],
[ 255.39752069062163 , -3.9602277774775487 ],
[ 255.58469519463665 , -4.108112472065726 ],
[ 255.77181505713833 , -4.256110718548855 ],
[ 255.95885295736997 , -4.404222090040112 ],
[ 256.14583621608824 , -4.5524435983317355 ],
[ 256.3327375125365 , -4.700774816536902 ],
[ 256.51958416747135 , -4.84921403710832 ],
[ 256.70637618089285 , -4.99775869872505 ],
[ 256.89311355280097 , -5.146408374500269 ],
[ 257.0797689624391 , -5.295160929999861 ],
[ 257.2663970513205 , -5.444015084563357 ],
[ 257.4529704986886 , -5.592968703756641 ],
[ 257.6394893045433 , -5.7420205069192445 ],
[ 257.8259534688846 , -5.891169213390698 ],
[ 258.01239031246934 , -6.040413115623707 ],
[ 258.1987725145406 , -6.189750506070982 ],
[ 258.38512739585525 , -6.3391796771852285 ],
[ 258.5714549564132 , -6.488699348305977 ],
[ 258.75772787545776 , -6.638307811885936 ],
[ 258.9439734737457 , -6.788003787264636 ],
[ 259.1301917512769 , -6.937785566894785 ],
[ 259.3163827080515 , -7.087651443229089 ],
[ 259.502573664826 , -7.237599708720256 ],
[ 259.6887099800872 , -7.387629082707818 ],
[ 259.8748462953484 , -7.537738711418127 ],
[ 260.06095528985287 , -7.687925179756599 ],
[ 260.2470642843574 , -7.838188487723233 ],
[ 260.43314595810523 , -7.988526927770737 ],
[ 260.61922763185305 , -8.13893879235182 ],
[ 260.8052819848442 , -8.289422373919187 ],
[ 260.99136365859204 , -8.439975964925546 ],
[ 261.1774180115832 , -8.590597857823607 ],
[ 261.363499685331 , -8.741288052613367 ],
[ 261.54958135907884 , -8.892043134200241 ],
[ 261.73566303282666 , -9.042862248810586 ],
[ 261.9217447065745 , -9.193743688897106 ],
[ 262.107853701079 , -9.34468574691251 ],
[ 262.2939626955835 , -9.495687569083152 ],
[ 262.48007169008804 , -9.646747447861738 ],
[ 262.6662353261059 , -9.79786367570098 ],
[ 262.85239896212374 , -9.949034545053578 ],
[ 263.0385899188983 , -10.100259202145892 ],
[ 263.2248355171862 , -10.25153508565698 ],
[ 263.41108111547413 , -10.402860488039552 ],
[ 263.5973540345187 , -10.554235409293605 ],
[ 263.78368159507664 , -10.705657288098203 ],
[ 263.9700364763913 , -10.857124416906052 ],
[ 264.1564459992193 , -11.00863508816986 ],
[ 264.34288284280393 , -11.160189301889627 ],
[ 264.52937432790196 , -11.311783642970768 ],
[ 264.71589313375665 , -11.463417257639636 ],
[ 264.9024939018814 , -11.61508843834894 ],
[ 265.08912199076286 , -11.76679633132503 ],
[ 265.2758320419143 , -11.918539229020618 ],
[ 265.46256941382245 , -12.070314570114764 ],
[ 265.64938874800066 , -12.222121500833822 ],
[ 265.8362627236922 , -12.373959167404145 ],
[ 266.0232186616538 , -12.525824154731147 ],
[ 266.21022924112873 , -12.677717316588476 ],
[ 266.39732178287375 , -12.829635237881545 ],
[ 266.58449628688874 , -12.98157706483671 ],
[ 266.77172543241716 , -13.133541089906677 ],
[ 266.95906386097226 , -13.285525605544155 ],
[ 267.14645693104075 , -13.437529757975495 ],
[ 267.3339592841359 , -13.589550985879763 ],
[ 267.5215435995012 , -13.741588435483306 ],
[ 267.7092371978931 , -13.893640399238839 ],
[ 267.8969854377984 , -14.045705169599064 ],
[ 268.0848702814871 , -14.19778103901669 ],
[ 268.27283708744585 , -14.34986715371807 ],
[ 268.46091317643135 , -14.501960098608624 ],
[ 268.6490712276869 , -14.654061581235638 ],
[ 268.83736588272575 , -14.806166478957236 ],
[ 269.02576982079137 , -14.95827479177342 ],
[ 269.21428304188373 , -15.110386519684189 ],
[ 269.40290554600284 , -15.262496540047666 ],
[ 269.5916646539053 , -15.414606560411142 ],
[ 269.7805330448345 , -15.566713165680033 ],
[ 269.96953803954705 , -15.718814648307047 ],
[ 270.15867963804305 , -15.870911008292184 ],
[ 270.3479305195658 , -16.022998830540857 ],
[ 270.5373180048719 , -16.17507811505307 ],
[ 270.72686941471807 , -16.32714544673423 ],
[ 270.91653010759103 , -16.47920082558435 ],
[ 271.106354725004 , -16.631242544056125 ],
[ 271.29631594620037 , -16.783267187054978 ],
[ 271.48644109193685 , -16.935274754580902 ],
[ 271.67670284145674 , -17.087263539086614 ],
[ 271.8671285155167 , -17.23923183302481 ],
[ 272.0577181141167 , -17.391177928848208 ],
[ 272.24847163725684 , -17.54310011900951 ],
[ 272.43938908493703 , -17.69499669596142 ],
[ 272.63047045715734 , -17.846864244609364 ],
[ 272.82171575391766 , -17.998704472500624 ],
[ 273.0131249752181 , -18.150515672087913 ],
[ 273.2047254418153 , -18.30229272072935 ],
[ 273.3965171537093 , -18.45403561842494 ],
[ 273.5884727901433 , -18.605744365174676 ],
[ 273.7806196718741 , -18.75741554588398 ],
[ 273.9729577989017 , -18.909047453005556 ],
[ 274.16551449198266 , -19.06063837899211 ],
[ 274.35823510960375 , -19.212188323843645 ],
[ 274.5511742932783 , -19.363693872465575 ],
[ 274.7443047222495 , -19.51515331731061 ],
[ 274.9376263965176 , -19.666566658378745 ],
[ 275.13116663683905 , -19.817928773028104 ],
[ 275.324925443214 , -19.969243076353276 ],
[ 275.5189028156424 , -20.120502738165083 ],
[ 275.71309875412413 , -20.271709466010826 ],
[ 275.9074859379027 , -20.422859844795916 ],
[ 276.1021190084914 , -20.57395216697306 ],
[ 276.2969979658902 , -20.724984724994968 ],
[ 276.49209548934243 , -20.875957518861636 ],
[ 276.6874115788481 , -21.026867133478483 ],
[ 276.8829735551639 , -21.177711861298217 ],
[ 277.07878141828985 , -21.32848999477354 ],
[ 277.27483516822593 , -21.479199826357164 ],
[ 277.47113480497205 , -21.629841356049088 ],
[ 277.6676803285284 , -21.780409461207434 ],
[ 277.86449905965145 , -21.9309041418322 ],
[ 278.0615636775847 , -22.081325397923393 ],
[ 278.258874182328 , -22.231668106839127 ],
[ 278.4564578946381 , -22.38193226857941 ],
[ 278.65431481451503 , -22.53211446804965 ],
[ 278.85244494195877 , -22.682216412797143 ],
[ 279.0508482769693 , -22.83223127263272 ],
[ 279.24952481954665 , -22.982162462650958 ],
[ 279.44850189044746 , -23.132004860209992 ],
[ 279.64772484815836 , -23.281756757762523 ],
[ 279.8472756549495 , -23.431416447761254 ],
[ 280.0470996693074 , -23.580983930206195 ],
[ 280.24722421198874 , -23.730454082455463 ],
[ 280.4476492829936 , -23.879828612056347 ],
[ 280.64837488232195 , -24.029102396366977 ],
[ 280.84940100997375 , -24.17827714293464 ],
[ 281.05072766594907 , -24.32734602157017 ],
[ 281.2523821710045 , -24.476312447368148 ],
[ 281.45436452514014 , -24.625169590139404 ],
[ 281.6566474075992 , -24.773919157431234 ],
[ 281.8592581391385 , -24.922557734149052 ],
[ 282.0621967197579 , -25.071083612745564 ],
[ 282.26549047021416 , -25.21949508567348 ],
[ 282.4690847489939 , -25.36778873783821 ],
[ 282.6730341976105 , -25.51596456923976 ],
[ 282.8773114953072 , -25.66401916478354 ],
[ 283.08197128359745 , -25.811952524469554 ],
[ 283.28693160021123 , -25.959759525655922 ],
[ 283.4922744074185 , -26.107440168342645 ],
[ 283.69797238446256 , -26.25499274498243 ],
[ 283.9040255313435 , -26.402413840480694 ],
[ 284.110461168818 , -26.549701747290143 ],
[ 284.3172519761293 , -26.69685475786348 ],
[ 284.52439795327746 , -26.84387116465342 ],
[ 284.7319537417758 , -26.99074926011267 ],
[ 284.939864700111 , -27.137485629146635 ],
[ 285.1481581490397 , -27.284076856660743 ],
[ 285.3568614093186 , -27.43052465020228 ],
[ 285.56591983943434 , -27.57682559467666 ],
[ 285.77541540165697 , -27.7229762749893 ],
[ 285.98526613371644 , -27.868974983592906 ],
[ 286.1955539978828 , -28.014818305392897 ],
[ 286.40622435264265 , -28.160507947936562 ],
[ 286.61733183950946 , -28.30603708103473 ],
[ 286.82884913772637 , -28.451407412234698 ],
[ 287.04077624729354 , -28.596613818894582 ],
[ 287.2531131682109 , -28.741658008561682 ],
[ 287.46588722123516 , -28.886529735952237 ],
[ 287.6790984063663 , -29.031237538802714 ],
[ 287.89274672360426 , -29.175771171829354 ],
[ 288.10680485219245 , -29.320130635032157 ],
[ 288.3213274336442 , -29.464315928411125 ],
[ 288.5363144679595 , -29.608320221777088 ],
[ 288.75171131362504 , -29.752143515130047 ],
[ 288.96759993291084 , -29.895785808470002 ],
[ 289.18392568430346 , -30.039240271607778 ],
[ 289.40071588855966 , -30.182510319637966 ],
[ 289.61797054567944 , -30.325589122371394 ],
[ 289.83571697641946 , -30.468473264713474 ],
[ 290.053927860023 , -30.611162746664213 ],
[ 290.27260319649014 , -30.753657568223602 ],
[ 290.4917703065775 , -30.89595089920248 ],
[ 290.7114291902851 , -31.03804273960084 ],
[ 290.93157984761297 , -31.1799296743241 ],
[ 291.15222227856106 , -31.321608288277673 ],
[ 291.3733564831294 , -31.463078581461563 ],
[ 291.59500978207467 , -31.60433713878118 ],
[ 291.81715485464014 , -31.745380545141945 ],
[ 292.03981902158256 , -31.886205385449266 ],
[ 292.2630022829019 , -32.02681507479773 ],
