[ 342.0080349892918 , -30.20948615176493 ],
[ 342.29036768882344 , -30.256996947631542 ],
[ 342.57300091667855 , -30.303780328351543 ],
[ 342.8559346728572 , -30.349839709019523 ],
[ 343.1391689573593 , -30.395171674540897 ],
[ 343.42267644942814 , -30.439772809821083 ],
[ 343.70645714906385 , -30.483643114860072 ],
[ 343.9905110562663 , -30.526782589657874 ],
[ 344.2748654917923 , -30.569184404025314 ],
[ 344.55946581412843 , -30.610851973056977 ],
[ 344.84436666478797 , -30.65177846656369 ],
[ 345.129486081501 , -30.691967299640048 ],
[ 345.4149060265375 , -30.73141164209687 ],
[ 345.7005445376274 , -30.77011490902875 ],
[ 345.98645625628416 , -30.808073685341093 ],
[ 346.2725865409943 , -30.845284555939323 ],
[ 346.5589900332713 , -30.88174752082344 ],
[ 346.8456120916017 , -30.917459164898847 ],
[ 347.13245271598555 , -30.952422903260143 ],
[ 347.41953922717954 , -30.986631905718152 ],
[ 347.70684430442697 , -31.02008958736746 ],
[ 347.9943679477278 , -31.052789118018897 ],
[ 348.2821101570821 , -31.084733912767046 ],
[ 348.57007093248984 , -31.115917141422738 ],
[ 348.85822295319434 , -31.146342219080562 ],
[ 349.1465662191956 , -31.17600914574051 ],
[ 349.4351007304936 , -31.20491109121342 ],
[ 349.7238538078451 , -31.23305147059387 ],
[ 350.01277080973665 , -31.260426868787285 ],
[ 350.3018790569249 , -31.28703387069907 ],
[ 350.5911512286533 , -31.312879306518397 ],
[ 350.88058732492175 , -31.337952930961514 ],
[ 351.17021466648697 , -31.362258159123005 ],
[ 351.4599786118356 , -31.385791575908282 ],
[ 351.749933802481 , -31.408556596411934 ],
[ 352.0399982761531 , -31.430549805539375 ],
[ 352.3302266743653 , -31.451767788196022 ],
[ 352.6206189971175 , -31.472213959476456 ],
[ 352.9111206028965 , -31.491884904286092 ],
[ 353.2017588124589 , -31.510777207530346 ],
[ 353.492506305048 , -31.528894284303806 ],
[ 353.7833904014205 , -31.546236134606467 ],
[ 354.07438378081974 , -31.562799343343748 ],
[ 354.36551376400234 , -31.57858049542106 ],
[ 354.65672570945503 , -31.59358642102758 ],
[ 354.9480469379344 , -31.607810289974132 ],
[ 355.2394501286838 , -31.621252102260716 ],
[ 355.5309352817033 , -31.633911857887338 ],
[ 355.8225297177495 , -31.645792971948573 ],
[ 356.114178795309 , -31.65688861425526 ],
[ 356.4059098351386 , -31.66720561499656 ],
[ 356.69772283723825 , -31.67673372888873 ],
[ 356.98959048085123 , -31.685479786120933 ],
[ 357.28151276597754 , -31.693443786693166 ],
[ 357.5734896926173 , -31.700622315510852 ],
[ 357.86549394001366 , -31.70701537257398 ],
[ 358.1575528289234 , -31.712622957882562 ],
[ 358.4496663593465 , -31.717445071436593 ],
[ 358.7417798897696 , -31.72148171323607 ],
[ 359.03394806170604 , -31.724732883280996 ],
[ 359.32611623364255 , -31.72719858157137 ],
[ 359.61831172633566 , -31.728878808107194 ],
[ 359.91050721902883 , -31.72977014779388 ],
[ 0.20270812843599703 , -31.729876015726013 ],
[ 0.49490723632692585 , -31.729196411903597 ],
[ 0.7870990471212219 , -31.72773133632663 ],
[ 1.0792783181150887 , -31.72548078899511 ],
[ 1.3714395531406782 , -31.722444769909043 ],
[ 1.663577309390996 , -31.718619863973835 ],
[ 1.9556863575024586 , -31.714009486284077 ],
[ 2.2477610412246594 , -31.70861705193435 ],
[ 2.5397962379157213 , -31.702435730735488 ],
[ 2.8317866114903545 , -31.69547235287666 ],
[ 3.1237266124198593 , -31.687723503263282 ],
[ 3.415610904618946 , -31.67918918189535 ],
[ 3.7074343654457373 , -31.669872803867452 ],
[ 3.9991910184847095 , -31.659770954085005 ],
[ 4.29087638142422 , -31.64888704764259 ],
[ 4.582484904735567 , -31.637221084540208 ],
[ 4.874010612003229 , -31.62477306477786 ],
[ 5.165449234358972 , -31.611542988355545 ],
[ 5.456794795387274 , -31.59753427036785 ],
[ 5.74804259933308 , -31.582743495720184 ],
[ 6.03918709666769 , -31.56717407950714 ],
[ 6.330222737862402 , -31.55082260663413 ],
[ 6.621145254048987 , -31.533695907290323 ],
[ 6.911948241925096 , -31.515790566381135 ],
[ 7.202627432622498 , -31.49710999900115 ],
[ 7.493177703499318 , -31.47765420515037 ],
[ 7.783593931913675 , -31.457419769734205 ],
[ 8.073870995223693 , -31.436413522941834 ],
[ 8.364002917013847 , -31.414635464773248 ],
[ 8.65398542841591 , -31.39208559522845 ],
[ 8.943814260561645 , -31.368760499212854 ],
[ 9.233483437035533 , -31.34467042201022 ],
[ 9.522987835195693 , -31.319808533431374 ],
[ 9.812324039947542 , -31.2941782485709 ],
[ 10.101485221101909 , -31.267779567428803 ],
[ 10.390467109790563 , -31.240619320194245 ],
[ 10.679266290918921 , -31.212690676678065 ],
[ 10.96787593429781 , -31.184000467069428 ],
[ 11.256292624832644 , -31.15454869136833 ],
[ 11.544511239881551 , -31.12433534957478 ],
[ 11.832526656802647 , -31.093360441688773 ],
[ 12.120334606727706 , -31.061627382804893 ],
[ 12.407930820788495 , -31.029139588017728 ],
[ 12.695311030116782 , -30.995897057327277 ],
[ 12.982469258297042 , -30.961899790733536 ],
[ 13.269401236461047 , -30.92714778823651 ],
[ 13.55610354951421 , -30.891644464930785 ],
[ 13.842571074814654 , -30.85539323591094 ],
[ 14.128799543494146 , -30.818394101176985 ],
[ 14.414784686684458 , -30.780647060728906 ],
[ 14.700522235517356 , -30.7421555296613 ],
[ 14.986007067350965 , -30.702922923068748 ],
[ 15.271237474637989 , -30.662945825856664 ],
[ 15.556204919641969 , -30.622227653119634 ],
[ 15.840909402362902 , -30.58077181995224 ],
[ 16.125345800158914 , -30.53858174144907 ],
[ 16.409508990388122 , -30.49565400251554 ],
[ 16.693393850408658 , -30.45199543334082 ],
[ 16.97700038022051 , -30.40760261883032 ],
[ 17.260320042087226 , -30.362482389173216 ],
[ 17.543352836008797 , -30.316634744369505 ],
[ 17.82609193179606 , -30.27005968441919 ],
[ 18.10853562190172 , -30.22276062441685 ],
[ 18.3906787836839 , -30.174740979457077 ],
[ 18.672519709595306 , -30.126000749539866 ],
[ 18.95405156944677 , -30.076543349759802 ],
[ 19.23527436323829 , -30.026365365022304 ],
[ 19.516181260780698 , -29.975477040611125 ],
[ 19.7967705545267 , -29.923878376526265 ],
[ 20.07703882938171 , -29.871565957673138 ],
[ 20.356982670251142 , -29.818546614240912 ],
[ 20.636598662040416 , -29.76482034622959 ],
[ 20.915883389654947 , -29.710393983828347 ],
[ 21.194831730452854 , -29.655260696848003 ],
[ 21.473443684434134 , -29.59943073057232 ],
[ 21.751714128956916 , -29.542904085001293 ],
[ 22.029641356473906 , -29.485684175229512 ],
[ 22.307220244343224 , -29.42776758616239 ],
[ 22.584449085017578 , -29.369161147989093 ],
[ 22.861324463402386 , -29.309868275804213 ],
[ 23.13784467195035 , -29.24988555451316 ],
[ 23.414006295566892 , -29.18922322939969 ],
[ 23.68980421161013 , -29.127874470274637 ],
[ 23.965240127627357 , -29.06584952242175 ],
[ 24.240307213429404 , -29.003148385841033 ],
[ 24.51500546901627 , -28.939771060532486 ],
[ 24.789331479293367 , -28.875724376685277 ],
[ 25.063281829166115 , -28.81100491920482 ],
[ 25.336856518634516 , -28.74561951828029 ],
[ 25.610048717509393 , -28.67956817391168 ],
[ 25.882861840885333 , -28.612852593646288 ],
[ 26.15528735102588 , -28.545479607673283 ],
[ 26.42732866302561 , -28.47744750844537 ],
[ 26.698978946695355 , -28.40876141860443 ],
[ 26.97023990958241 , -28.339423045697753 ],
[ 27.2411064290449 , -28.26943238972534 ],
[ 27.51157850508282 , -28.198796280876362 ],
[ 27.781652722601585 , -28.127513011603522 ],
[ 28.05132737405391 , -28.055589412095994 ],
[ 28.320600751892492 , -27.983023774806487 ],
[ 28.58947114857004 , -27.909821222376877 ],
[ 28.857935148991977 , -27.835985169901747 ],
[ 29.125996168252883 , -27.761515617381097 ],
[ 29.393643961069003 , -27.686415979909516 ],
[ 29.660885357629507 , -27.610689672581582 ],
[ 29.927713527745226 , -27.534338402944595 ],
[ 30.194128471416157 , -27.457365586093136 ],
[ 30.460130188642303 , -27.3797729295745 ],
[ 30.72571526432908 , -27.30156384848327 ],
[ 30.9908802833819 , -27.222740050366735 ],
[ 31.25562866089535 , -27.14330665786678 ],
[ 31.519956981774843 , -27.0632636709834 ],
[ 31.783861830925797 , -26.98261450481118 ],
[ 32.04734662344279 , -26.90136257444471 ],
[ 32.31040452913666 , -26.819509587431277 ],
[ 32.57303896310199 , -26.737058958865468 ],
[ 32.8352465102442 , -26.65401410384187 ],
[ 33.09702717056328 , -26.570375022360476 ],
[ 33.35838094405923 , -26.486146837063174 ],
[ 33.61930441563747 , -26.401331255497247 ],
[ 33.87980100039259 , -26.315931692757285 ],
[ 34.13986386813541 , -26.229951563937874 ],
[ 34.39949643396052 , -26.14339086903901 ],
[ 34.65869528277333 , -26.05625473070257 ],
[ 34.917463829668435 , -25.96854485647585 ],
[ 35.17579524445666 , -25.880264661453438 ],
[ 35.43369635732717 , -25.79141756072991 ],
[ 35.6911603380908 , -25.702003554305275 ],
[ 35.948190601842136 , -25.612027764821406 ],
[ 36.204783733486586 , -25.521493607372886 ],
[ 36.460943148118744 , -25.43040108195972 ],
[ 36.71666543064403 , -25.338755311223778 ],
[ 36.97195058106242 , -25.246558002712362 ],
[ 37.226798599373936 , -25.15381086397276 ],
[ 37.481206070483985 , -25.060520725194138 ],
[ 37.73517982458174 , -24.96668587882921 ],
[ 37.98871644657262 , -24.872311447519852 ],
[ 38.24181252136202 , -24.777399138813355 ],
[ 38.49447487913913 , -24.681952367804303 ],
[ 38.74669668971478 , -24.585972842039993 ],
[ 38.99848136818355 , -24.489465684162298 ],
[ 39.24982549945084 , -24.39243260171851 ],
[ 39.500735913705846 , -24.294875302255928 ],
[ 39.751205780759385 , -24.196797200869128 ],
[ 40.00123851570604 , -24.098201712652703 ],
[ 40.2508375336404 , -23.99909054515394 ],
[ 40.499996004373294 , -23.899467113467427 ],
[ 40.74871734299931 , -23.799334832687748 ],
[ 40.99700496461303 , -23.698695410362195 ],
[ 41.244855454119865 , -23.59755055403806 ],
[ 41.49226881151983 , -23.495905386357222 ],
[ 41.739248451907486 , -23.39376332241427 ],
[ 41.98579437528285 , -23.291124362209192 ],
[ 42.231903166551334 , -23.187991920836588 ],
[ 42.47758165590211 , -23.08437112093832 ],
[ 42.722823013146005 , -22.980261962514405 ],
[ 42.96763406847219 , -22.875667860659412 ],
[ 43.21201482188066 , -22.770592230467937 ],
[ 43.45596185827683 , -22.66503848703456 ],
[ 43.6994785927553 , -22.55900663035928 ],
[ 43.94256844041063 , -22.452503490631273 ],
[ 44.18522457105368 , -22.34552736030324 ],
[ 44.42745722996818 , -22.238085069564356 ],
[ 44.66925958696497 , -22.130176618414616 ],
[ 44.910635057138634 , -22.02180542194861 ],
[ 45.15158705558376 , -21.91297489526092 ],
[ 45.39211216720576 , -21.803688453446128 ],
[ 45.63221380709922 , -21.69394609650424 ],
[ 45.87189539035872 , -21.583752947077134 ],
[ 46.1111500867951 , -21.473110712712096 ],
[ 46.3499881416921 , -21.362021100956426 ],
[ 46.588406139955154 , -21.250489234451994 ],
[ 46.82640408158425 , -21.138516820746098 ],
[ 47.06398538167397 , -21.02610727493332 ],
[ 47.30115345531891 , -20.91326059701366 ],
[ 47.53790147232989 , -20.79998361717629 ],
[ 47.77423967799067 , -20.68627462787392 ],
[ 48.01016124211208 , -20.572138751748422 ],
[ 48.245676409977875 , -20.457579403894385 ],
[ 48.48077835139889 , -20.342596584311803 ],
[ 48.715470481469694 , -20.227197123189853 ],
[ 48.949756215284886 , -20.11137931298124 ],
[ 49.183638967939046 , -19.99514827632784 ],
[ 49.417115324337594 , -19.878505720776946 ],
[ 49.65018528448052 , -19.761453353875854 ],
[ 49.88285567855701 , -19.64399800581373 ],
[ 50.115126506567044 , -19.52613626149599 ],
[ 50.34699776851064 , -19.407876658659095 ],
[ 50.57847287948237 , -19.289217489755757 ],
[ 50.809551839482246 , -19.17016387742785 ],
[ 51.04023464851026 , -19.050715821675375 ],
[ 51.27052813675557 , -18.93087844514021 ],
[ 51.500425474029036 , -18.810655162916937 ],
[ 51.72993690561439 , -18.690044267458266 ],
[ 51.95906243151163 , -18.56905258895337 ],
[ 52.18779863662619 , -18.44768012740224 ],
[ 52.41614893605264 , -18.325932005446763 ],
[ 52.64412015998016 , -18.203808223086938 ],
[ 52.87170889331416 , -18.081312195417343 ],
[ 53.09891513605463 , -17.95844733753257 ],
[ 53.32574571839075 , -17.835215356979905 ],
[ 53.55220405541711 , -17.711617961306647 ],
[ 53.77828331694453 , -17.587660273154672 ],
[ 54.003993748256775 , -17.463342292523976 ],
[ 54.22933193425925 , -17.338667434509148 ],
[ 54.454301290046544 , -17.21363740665748 ],
[ 54.67890523071324 , -17.088257331610848 ],
[ 54.903140341164764 , -16.962527209369252 ],
[ 55.127016866684855 , -16.836448747479988 ],
[ 55.35053139217894 , -16.710028776132223 ],
[ 55.57368733274159 , -16.583265587778662 ],
[ 55.79648468837282 , -16.456162597513895 ],
[ 56.018926874167214 , -16.328723220432504 ],
[ 56.24101389012476 , -16.200949164081784 ],
[ 56.462752566434645 , -16.072842136009026 ],
[ 56.684139488002266 , -15.944407258856106 ],
[ 56.905181485016804 , -15.815644532623025 ],
[ 57.12587514238367 , -15.68655737240437 ],
[ 57.346227290292035 , -15.55714748574743 ],
[ 57.56624134383649 , -15.4274165801995 ],
[ 57.78591388792244 , -15.297369778402459 ],
[ 58.005244922549885 , -15.167008787903594 ],
[ 58.22424127790801 , -15.036333608702911 ],
[ 58.442909784185964 , -14.905349363442284 ],
[ 58.66124361119459 , -14.774056052121713 ],
[ 58.87925641931223 , -14.642457089835785 ],
[ 59.09693454816053 , -14.510555891679084 ],
[ 59.31429165811785 , -14.378354165198902 ],
[ 59.53132774918418 , -14.245852764168886 ],
[ 59.74803599117034 , -14.113055957457266 ],
[ 59.96443687464385 , -13.979965452611337 ],
[ 60.18051673922638 , -13.846583810952035 ],
[ 60.39628241510708 , -13.712912740026654 ],
[ 60.61173390228596 , -13.578954801156133 ],
[ 60.826884861141366 , -13.444712555661411 ],
[ 61.04172163129495 , -13.310187711089778 ],
[ 61.256257873125044 , -13.175383682535822 ],
[ 61.47049358663167 , -13.040301323773187 ],
[ 61.68442194162564 , -12.904944049896459 ],
[ 61.8980565984853 , -12.769314422226577 ],
[ 62.111397557210644 , -12.633413294537187 ],
[ 62.324444817801684 , -12.497244081922874 ],
[ 62.53719838025841 , -12.360807638157285 ],
[ 62.74966507476999 , -12.22410823210865 ],
[ 62.96184490133644 , -12.087146717550615 ],
[ 63.17374469014692 , -11.94992565580412 ],
[ 63.38535761101225 , -11.812447608190103 ],
[ 63.59669049412162 , -11.674713428482212 ],
[ 63.80775016966418 , -11.536727385548675 ],
[ 64.01853663763994 , -11.39849033316314 ],
[ 64.22904989804891 , -11.260004832646548 ],
[ 64.43928995089107 , -11.121273445319833 ],
[ 64.6492636263556 , -10.982297024956646 ],
[ 64.8589709244425 , -10.843079840425213 ],
[ 65.06841867534094 , -10.70362189172554 ],
[ 65.27760687905092 , -10.563927447725854 ],
[ 65.48653553557244 , -10.423996508426157 ],
[ 65.69521147509467 , -10.283832488921032 ],
[ 65.90362786742844 , -10.14343795053142 ],
[ 66.1117983729521 , -10.002813747030967 ],
[ 66.31972299166561 , -9.861963293514256 ],
[ 66.52739489337986 , -9.720887443754934 ],
[ 66.73482773847314 , -9.579589612847588 ],
[ 66.94202152694548 , -9.43807150833951 ],
[ 67.1489694286077 , -9.296333984004344 ],
[ 67.3556919340273 , -9.154381308710322 ],
[ 67.56217538282596 , -9.012213482457446 ],
[ 67.76842660519283 , -8.869833920340298 ],
[ 67.9744524313171 , -8.727244329906174 ],
[ 68.18024603100959 , -8.584447272476009 ],
[ 68.38582106464862 , -8.441443601823453 ],
[ 68.59117753223423 , -8.298236733043089 ],
[ 68.79630860357722 , -8.154827519908562 ],
[ 69.00122793905595 , -8.011219377514458 ],
[ 69.2059355386704 , -7.867413159634425 ],
[ 69.41043140242058 , -7.7234114275894 ],
[ 69.61471553030648 , -7.579215888926676 ],
[ 69.8187947525173 , -7.434829104967191 ],
[ 70.02266906905301 , -7.2902527832582384 ],
[ 70.22634531010279 , -7.145489485120757 ],
[ 70.42982347566664 , -7.000540064328392 ],
[ 70.63310356574456 , -6.8554075090889075 ],
[ 70.83619241052573 , -6.710093526949594 ],
[ 71.03909001001011 , -6.564599825457744 ],
[ 71.24180319438693 , -6.418928965934297 ],
[ 71.44432513346698 , -6.273082655926546 ],
[ 71.64666265743944 , -6.127062602981781 ],
[ 71.84882259649348 , -5.980870941534121 ],
[ 72.05080495062909 , -5.834510232904503 ],
[ 72.25261655003546 , -5.687981757753396 ],
[ 72.4542505645234 , -5.541287650514916 ],
[ 72.6557138242821 , -5.39443004562318 ],
[ 72.85700632931155 , -5.247410650625478 ],
[ 73.05814173999008 , -5.1002315999559285 ],
[ 73.25910639593937 , -4.952895028048644 ],
[ 73.45992078772692 , -4.805402215564096 ],
[ 73.66057125497437 , -4.6577557238232234 ],
[ 73.86106462787093 , -4.509957260373318 ],
[ 74.06141456679491 , -4.362008959648494 ],
[ 74.26160741136799 , -4.213912102309224 ],
[ 74.46165682196849 , -4.0656696765632665 ],
[ 74.66156279859642 , -3.9172825361842705 ],
[ 74.86132534125178 , -3.7687532424931733 ],
[ 75.06095128012375 , -3.6200835030372676 ],
[ 75.2604406152123 , -3.471275025363846 ],
[ 75.45979334651747 , -3.322329943907024 ],
[ 75.6590163042284 , -3.173250179657506 ],
[ 75.85810948834511 , -3.024037653605996 ],
[ 76.05707972905675 , -2.874694073299786 ],
[ 76.25592702636332 , -2.7252215731729925 ],
[ 76.45465138026485 , -2.5756218607729076 ],
[ 76.65326645113966 , -2.4258966436468232 ],
[ 76.85175857860939 , -2.2760480562288556 ],
[ 77.05013459286324 , -2.1260780195097086 ],
[ 77.24840815427955 , -1.9759882410366751 ],
[ 77.44657243266911 , -1.8257806418004587 ],
[ 77.64463425822115 , -1.6754571427917637 ],
[ 77.84259363093562 , -1.5250194515578825 ],
[ 78.04045055081257 , -1.3744694890895193 ],
[ 78.2382118480411 , -1.2238091763773782 ],
[ 78.43587752262128 , -1.0730403276904572 ],
[ 78.6334612349314 , -0.9221648640194604 ],
[ 78.83094932459315 , -0.7711844395508277 ],
[ 79.0283486217957 , -0.6201010286361159 ],
[ 79.22567278691736 , -0.46891649890517617 ],
[ 79.422914989769 , -0.31763263794658037 ],
[ 79.62007523035058 , -0.16625126002932675 ],
[ 79.81716716904047 , -0.014774247791006364 ],
[ 80.01418397564949 , 0.13679658950196244 ],
[ 80.21112565017764 , 0.2884594325780014 ],
[ 80.40800585300325 , 0.440212415474786 ],
[ 80.60482458412633 , 0.5920537639439577 ],
[ 80.8015818435469 , 0.7439816103556652 ],
[ 80.99827763126493 , 0.8959941404409103 ],
[ 81.1949187774696 , 1.0480896466524006 ],
[ 81.39150528216089 , 1.200266047916873 ],
[ 81.58804397552801 , 1.352521850130447 ],
[ 81.78453485757095 , 1.5048550255807125 ],
[ 81.98097792828968 , 1.6572637599986713 ],
[ 82.17738001787339 , 1.8097463458370306 ],
[ 82.37374795651127 , 1.9623009688267927 ],
[ 82.5700749140141 , 2.1149256012555475 ],
[ 82.7663677205711 , 2.2676187490194137 ],
[ 82.96263320637142 , 2.4203784911276878 ],
[ 83.15886454122588 , 2.573202906589665 ],
[ 83.35507538551285 , 2.7260902878580535 ],
[ 83.55125890904311 , 2.8790389273855608 ],
[ 83.74742877219505 , 3.0320466907380705 ],
[ 83.94357814477948 , 3.1851122972551145 ],
[ 84.13971385698557 , 3.338233399059164 ],
[ 84.33583590881331 , 3.4914085020463395 ],
[ 84.53195113045189 , 3.644635898669348 ],
[ 84.7280595219013 , 3.7979134544940734 ],
[ 84.9241679133507 , 3.9512396754166352 ],
[ 85.1202763048001 , 4.104612427002918 ],
[ 85.31638469624951 , 4.258030428592452 ],
[ 85.51249991788809 , 4.411491118864298 ],
[ 85.70862196971584 , 4.564993644044811 ],
[ 85.90475085173276 , 4.718535442813051 ],
[ 86.10090022431717 , 4.872114807621727 ],
[ 86.29706325727994 , 5.025730457810368 ],
[ 86.49324678081022 , 5.179380258944859 ],
[ 86.68945079490801 , 5.3330620765910846 ],
[ 86.88568212976247 , 5.486774630088576 ],
[ 87.08194078537362 , 5.640515785003216 ],
[ 87.27823359193061 , 5.794283833787713 ],
[ 87.4745537192443 , 5.948077068894774 ],
[ 87.67091482769298 , 6.101893782777108 ],
[ 87.86731691727671 , 6.255731841000597 ],
[ 88.06375998799544 , 6.4095895360179505 ],
[ 88.2602440398492 , 6.563465160281876 ],
[ 88.45678273321631 , 6.717357006245079 ],
[ 88.65336923790763 , 6.8712629394734455 ],
[ 88.85000355392312 , 7.025181679306506 ],
[ 89.04670617183032 , 7.179111091310145 ],
[ 89.24346343125087 , 7.333049041050246 ],
[ 89.44028216237396 , 7.486993820979517 ],
[ 89.63716919538875 , 7.640943723550666 ],
[ 89.83411770010606 , 7.7948970412164 ],
[ 90.03114816709342 , 7.948852066429426 ],
[ 90.22824693597248 , 8.102807091642452 ],
[ 90.42542083693242 , 8.256760409308185 ],
[ 90.62267670016237 , 8.410708604332042 ],
[ 90.82002135585155 , 8.56465167671402 ],
[ 91.01744797381077 , 8.718587065133182 ],
[ 91.21496338422921 , 8.872513062042236 ],
[ 91.41256758710685 , 9.026427959893889 ],
[ 91.61026741263287 , 9.180330051140848 ],
[ 91.80806969099643 , 9.334216774462172 ],
[ 92.00597442219755 , 9.488086422310575 ],
[ 92.20397477604705 , 9.641937287138758 ],
[ 92.40209124311244 , 9.795768515173076 ],
[ 92.60031016301538 , 9.949576691318947 ],
[ 92.79864519613422 , 10.103360961802723 ],
[ 92.99709634246894 , 10.257119619077113 ],
[ 93.19567043220871 , 10.410849248047528 ],
[ 93.39436063516439 , 10.564549848713972 ],
[ 93.59317378152511 , 10.718218859755503 ],
[ 93.79212353166925 , 10.871853719851185 ],
[ 93.99119622521843 , 11.02545357522737 ],
[ 94.19040552255103 , 11.179015864563121 ],
[ 94.38975142366702 , 11.33253973408479 ],
[ 94.58924075875558 , 11.486021768697793 ],
[ 94.78887352781672 , 11.639461114628483 ],
[ 94.98864973085043 , 11.792855210555922 ],
[ 95.18857619804587 , 11.946203202706464 ],
[ 95.38865292940305 , 12.099501675985522 ],
[ 95.58888675511115 , 12.252749776619451 ],
[ 95.78927767517014 , 12.40594579706096 ],
[ 95.98983251976922 , 12.559087175989108 ],
[ 96.1905512889084 , 12.712172205856604 ],
[ 96.3914408127768 , 12.865198325342508 ],
[ 96.59249426118531 , 13.018164680673175 ],
[ 96.79373212470139 , 13.171069564301312 ],
[ 96.99514074294673 , 13.323909561132334 ],
[ 97.19672694611049 , 13.476683817392594 ],
[ 97.39850439457099 , 13.629389771761154 ],
[ 97.60045942794994 , 13.782025716690722 ],
[ 97.8026125368148 , 13.934589944634004 ],
[ 98.00495689097643 , 14.087079894270062 ],
[ 98.20749249043482 , 14.23949471182525 ],
[ 98.41023299556831 , 14.391830128431337 ],
[ 98.61317157618772 , 14.54408699786197 ],
[ 98.81631506248225 , 14.696261905022562 ],
[ 99.01967028464104 , 14.84835314236582 ],
[ 99.2232372426641 , 15.00035729479716 ],
[ 99.42702276674059 , 15.152274362316584 ],
[ 99.63102002668137 , 15.304102637376799 ],
[ 99.83524268286475 , 15.455836997335924 ],
[ 100.03969073529073 , 15.607479149741254 ],
[ 100.24436418395935 , 15.759023971950912 ],
[ 100.44927668924889 , 15.910471463964898 ],
[ 100.65441459078106 , 16.061818210688624 ],
[ 100.85979154893417 , 16.213062504574804 ],
[ 101.0654143938974 , 16.36420434562343 ],
[ 101.27127629548158 , 16.51523861119263 ],
[ 101.47739091406507 , 16.66616359373511 ],
[ 101.68375141945866 , 16.816979293250867 ],
[ 101.89037147204071 , 16.96768229464532 ],
[ 102.09724424162206 , 17.11827089037118 ],
[ 102.30437655839187 , 17.268741665333852 ],
[ 102.51177525253931 , 17.419094619533343 ],
[ 102.71944715425354 , 17.569326337875065 ],
[ 102.92737860315624 , 17.719433405264436 ],
[ 103.13559008981491 , 17.869417529248743 ],
[ 103.34408161422955 , 18.019271879638826 ],
[ 103.55284634621098 , 18.168998163981968 ],
[ 103.76189794613757 , 18.318591259636293 ],
[ 103.97124324419846 , 18.468051166601803 ],
[ 104.18086858001531 , 18.61737617733121 ],
[ 104.39079444415566 , 18.766561169182626 ],
[ 104.60101400643032 , 18.91560614215606 ],
[ 104.81153409702844 , 19.064507681156922 ],
[ 105.02236154613924 , 19.213265786185215 ],
[ 105.23349635376266 , 19.36187533459906 ],
[ 105.44493851989876 , 19.510334618851164 ],
[ 105.65670170492582 , 19.65864363894153 ],
[ 105.86877224846555 , 19.806798979775568 ],
[ 106.08117064108544 , 19.954797226258698 ],
[ 106.29389005259631 , 20.102636670843623 ],
[ 106.50693731318735 , 20.250315605983054 ],
[ 106.72031925304772 , 20.3978323241297 ],
[ 106.93403587217742 , 20.545181702641674 ],
[ 107.14808717057645 , 20.69236544906628 ],
[ 107.36247997843398 , 20.839378440761635 ],
[ 107.57722112593918 , 20.986218970180445 ],
[ 107.79230378290288 , 21.132883622228128 ],
[ 108.00774160970343 , 21.279372396904684 ],
[ 108.2235346063408 , 21.42568187911553 ],
[ 108.4396896030042 , 21.571808653766073 ],
[ 108.65619976950444 , 21.71775101330903 ],
[ 108.87307876621985 , 21.863507250197102 ],
[ 109.09032659315045 , 22.009075656883 ],
[ 109.3079500804854 , 22.154451110724843 ],
[ 109.52594922822469 , 22.29963190417534 ],
[ 109.74432403636834 , 22.444618037234495 ],
[ 109.9630813351055 , 22.589404387260423 ],
[ 110.18222795462536 , 22.73399095425313 ],
[ 110.40175706473875 , 22.878372615570736 ],
[ 110.62168915601316 , 23.022547663665954 ],
[ 110.84201056807025 , 23.16651439099148 ],
[ 111.06273496128838 , 23.310269382452738 ],
[ 111.28386233566755 , 23.453810930502435 ],
[ 111.50539952139691 , 23.597137327593273 ],
[ 111.72734651847648 , 23.740243451083384 ],
[ 111.94971015709541 , 23.883127593425463 ],
[ 112.17248360706455 , 24.02578975461952 ],
[ 112.39568052876223 , 24.168224812023674 ],
[ 112.61930775237761 , 24.310429350543338 ],
[ 112.84335844772154 , 24.452403370178516 ],
[ 113.06783944498318 , 24.594141748287328 ],
[ 113.2927575743517 , 24.735644484869777 ],
[ 113.51811966601628 , 24.87690645728398 ],
[ 113.74391888978772 , 25.017925957982648 ],
[ 113.97016207585523 , 25.158701279418487 ],
[ 114.19685605440795 , 25.299229006496915 ],
[ 114.42400082544589 , 25.439505724123343 ],
[ 114.6516100493474 , 25.579529724750483 ],
[ 114.87967006573412 , 25.71929759328375 ],
[ 115.1081945349844 , 25.858807622175842 ],
[ 115.33718345709826 , 25.998054688784894 ],
[ 115.566650492454 , 26.137038793110897 ],
[ 115.79658198067331 , 26.275754812511977 ],
[ 116.02699158213453 , 26.414202746988135 ],
[ 116.25787929683764 , 26.552377473897494 ],
[ 116.48925878516098 , 26.69027728569276 ],
[ 116.72113004710458 , 26.827898767279347 ],
[ 116.95347942229007 , 26.96523850356267 ],
[ 117.18633423147415 , 27.10229478699544 ],
[ 117.41968081427846 , 27.239064202483068 ],
[ 117.65353283108136 , 27.37554504247826 ],
[ 117.8878766215045 , 27.511732184339145 ],
[ 118.12273950630455 , 27.647623920518427 ],
[ 118.3581078251032 , 27.783218543468813 ],
[ 118.59399523827875 , 27.918510930548425 ],
[ 118.83040174583124 , 28.05349937420997 ],
[ 119.06734100813898 , 28.18818045935887 ],
[ 119.30478570444531 , 28.32255077090053 ],
[ 119.54276315550689 , 28.456608601287662 ],
[ 119.78128702170207 , 28.59034882787839 ],
[ 120.02032998227418 , 28.72376974312542 ],
[ 120.25991935797988 , 28.856869639481456 ],
[ 120.50004148844086 , 28.98964510185192 ],
[ 120.74072369441376 , 29.122089300047637 ],
[ 120.98195231552027 , 29.254202234068607 ],
[ 121.22372735176039 , 29.385983903914834 ],
[ 121.4660488031341 , 29.51742406430256 ],
[ 121.7089439903981 , 29.64852613032637 ],
[ 121.9523855927957 , 29.77927985670251 ],
[ 122.19640093108356 , 29.90968865852556 ],
[ 122.44099000526172 , 30.039749120700947 ],
[ 122.68615281533016 , 30.169454413039485 ],
[ 122.93187570091054 , 30.298801120446605 ],
[ 123.17818598275953 , 30.427789242922294 ],
[ 123.42507000049882 , 30.556415365371976 ],
[ 123.67254141450672 , 30.684672657606473 ],
[ 123.92061388516159 , 30.812561119625794 ],
[ 124.16926009170673 , 30.940077336335346 ],
[ 124.41850735489884 , 31.067214477545964 ],
[ 124.66834201435955 , 31.193972543257644 ],
[ 124.91879139084558 , 31.320348118375804 ],
[ 125.16982816360023 , 31.44633778780586 ],
[ 125.42147965338019 , 31.571938136453227 ],
[ 125.67373219980709 , 31.697145749223314 ],
[ 125.92661312363765 , 31.82195721102154 ],
[ 126.18009510411515 , 31.946365691658738 ],
[ 126.43419180161797 , 32.0703711911349 ],
[ 126.68891687652443 , 32.19397370945004 ],
[ 126.94425666845619 , 32.31716300132039 ],
[ 127.20022483779158 , 32.43993906674596 ],
[ 127.45683504490896 , 32.56229849063215 ],
[ 127.71405996905165 , 32.6842344427898 ],
[ 127.97192693097631 , 32.8057503383135 ],
[ 128.23042227030462 , 32.926835931919484 ],
[ 128.48957330779322 , 33.04749122360776 ],
[ 128.7493527226855 , 33.16771279828374 ],
[ 129.00978783573808 , 33.287493825758254 ],
[ 129.27086498657266 , 33.4068343060313 ],
[ 129.53258417518919 , 33.5257308240083 ],
[ 129.79495906196607 , 33.644176549500074 ],
[ 130.0580033072816 , 33.76216806741204 ],
[ 130.32168959037912 , 33.87970537774421 ],
[ 130.5860452320153 , 33.99678506540198 ],
[ 130.85105657181177 , 34.11339688510161 ],
[ 131.1167236097686 , 34.229544251937675 ],
[ 131.38307366664242 , 34.34522033572101 ],
[ 131.65007942167657 , 34.46041830626245 ],
[ 131.9177681956277 , 34.57514157865657 ],
[ 132.1861263281175 , 34.6893833227142 ],
[ 132.45515381914595 , 34.80313670824618 ],
[ 132.72486432909142 , 34.9164017352525 ],
[ 132.99524419757554 , 35.02917498863858 ],
[ 133.26632074535502 , 35.14144963821525 ],
[ 133.53806665167315 , 35.253222268887924 ],
[ 133.81049557690827 , 35.3644928806566 ],
[ 134.08362118143873 , 35.475254643332114 ],
[ 134.3574298048862 , 35.585504141819875 ],
[ 134.631935107629 , 35.6952379610253 ],
[ 134.90712342928884 , 35.804449270759214 ],
[ 135.18300843024397 , 35.91314148611622 ],
[ 135.45957645011615 , 36.02130094671795 ],
[ 135.736854809662 , 36.1289344827536 ],
[ 136.01482984850315 , 36.236028433844815 ],
[ 136.2935015666397 , 36.34258621508618 ],
[ 136.57286996407154 , 36.44860099628853 ],
[ 136.85293504079874 , 36.5540659472627 ],
[ 137.13371045719964 , 36.65898106800868 ],
[ 137.41518255289586 , 36.763342943431894 ],
[ 137.69736498826575 , 36.86714474334316 ],
[ 137.98025776330934 , 36.970386467742486 ],
[ 138.26384721764828 , 37.073061286440705 ],
[ 138.54813335128256 , 37.17516578434323 ],
[ 138.83314348496884 , 37.27669313126088 ],
[ 139.11885029795047 , 37.37764332719367 ],
[ 139.40528111098413 , 37.47801295704701 ],
[ 139.6924086033131 , 37.577795190631726 ],
[ 139.9802464353158 , 37.676986612853234 ],
[ 140.26879460699217 , 37.77558722371154 ],
[ 140.5580531183422 , 37.87358677792288 ],
[ 140.84802196936593 , 37.97098527548726 ],
[ 141.13870116006333 , 38.067775886215514 ],
[ 141.4300906904344 , 38.163958610107635 ],
[ 141.72220422085752 , 38.25952661697445 ],
[ 142.01501443057597 , 38.354476491721385 ],
[ 142.3085349799681 , 38.448804819253844 ],
[ 142.6027658690339 , 38.54250818447725 ],
[ 142.89769343739505 , 38.63557975720243 ],
[ 143.19334500580823 , 38.72801953742938 ],
[ 143.48970691389508 , 38.81981727987435 ],
[ 143.78676550127727 , 38.91097639963193 ],
[ 144.08453442833314 , 39.001490066512936 ],
[ 144.38301369506271 , 39.091351450328204 ],
[ 144.6821896410876 , 39.18056055107775 ],
[ 144.9820759267862 , 39.26911053857238 ],
[ 145.2826588917801 , 39.357001412812096 ],
[ 145.5839521964477 , 39.44422292851316 ],
[ 145.88594218041064 , 39.53077850077015 ],
[ 146.18862884366894 , 39.6166578842993 ],
[ 146.49201218622255 , 39.70185766400604 ],
[ 146.7960922080715 , 39.78638125498495 ],
[ 147.10086890921585 , 39.87021499685768 ],
[ 147.40632862927714 , 39.953358889624255 ],
[ 147.7124850286338 , 40.035809518190064 ],
[ 148.01932444690746 , 40.11756688255512 ],
[ 148.32686054447643 , 40.19861732234107 ],
[ 148.6350660005841 , 40.27896425264252 ],
[ 148.94395447560876 , 40.35860425836486 ],
[ 149.25352596955042 , 40.43753050931895 ],
[ 149.56378048240907 , 40.51573959041018 ],
[ 149.8747043538064 , 40.593224671449384 ],
[ 150.18629758374237 , 40.66998916753116 ],
[ 150.49854651183867 , 40.74602283337174 ],
[ 150.81147845885198 , 40.821325668971134 ],
[ 151.12506610402562 , 40.895894259234744 ],
[ 151.43930944735956 , 40.96971835887883 ],
[ 151.75420848885383 , 41.042801382997965 ],
[ 152.06974956813008 , 41.115136501402986 ],
[ 152.38594634556665 , 41.18672371409389 ],
[ 152.70279882116353 , 41.25755277578692 ],
[ 153.02027967416407 , 41.327623686482085 ],
[ 153.3384025649466 , 41.396933031084785 ],
[ 153.65715383313272 , 41.465473979405864 ],
[ 153.97653347872253 , 41.533246531445315 ],
[ 154.29654150171598 , 41.600247272108554 ],
[ 154.6171642417347 , 41.66646937120642 ],
[ 154.93840169877873 , 41.73191282873889 ],
[ 155.2602538728481 , 41.7965742296114 ],
[ 155.5827071035644 , 41.86044332854019 ],
[ 155.90576139092767 , 41.92352354061985 ],
[ 156.22941673493787 , 41.985811450755776 ],
[ 156.55365947521673 , 42.047300228758814 ],
[ 156.8784896117642 , 42.10798645953438 ],
[ 157.20389348420193 , 42.16786672798788 ],
[ 157.52988475290832 , 42.22694103411932 ],
[ 157.85643609712662 , 42.28520596283411 ],
[ 158.18356117723522 , 42.342651268848506 ],
[ 158.5112326724774 , 42.39928378235167 ],
[ 158.83946424323153 , 42.45508984296526 ],
[ 159.16822856874091 , 42.510076280878444 ],
[ 159.49755296976227 , 42.56423285080748 ],
[ 159.82739646516052 , 42.617556137657765 ],
[ 160.15777271531402 , 42.6700495565239 ],
[ 160.48866805984446 , 42.72170286212212 ],
[ 160.82008249875182 , 42.772519469547014 ],
[ 161.15200237165777 , 42.82248913351483 ],
[ 161.4844276785623 , 42.87161526912014 ],
[ 161.8173310987087 , 42.919891046173795 ],
[ 162.1507399528537 , 42.967316464675775 ],
[ 162.48461325986227 , 43.013888109531514 ],
[ 162.81897834049107 , 43.05959915055182 ],
[ 163.1537942136051 , 43.10445300283129 ],
[ 163.4890745395827 , 43.14844283618076 ],
[ 163.82479199766715 , 43.191565235505635 ],
[ 164.16097390861518 , 43.23382020080592 ],
[ 164.49757929129174 , 43.27520431698703 ],
[ 164.83460814569688 , 43.31571758404896 ],
[ 165.17206047183052 , 43.35535317180254 ],
[ 165.50992260931437 , 43.39410766515319 ],
[ 165.84818089777008 , 43.4319844791955 ],
[ 166.186848997576 , 43.46897678374029 ],
[ 166.52589958797543 , 43.50508457878756 ],
[ 166.86531900859003 , 43.54030444924273 ],
[ 167.20512091979816 , 43.574632980011216 ],
[ 167.5452643404648 , 43.60807017109301 ],
[ 167.88577659134663 , 43.640616022488125 ],
[ 168.22663035168694 , 43.672260288912796 ],
[ 168.56781196110742 , 43.703009800556195 ],
[ 168.90932141960806 , 43.732857727229145 ],
[ 169.25115872718885 , 43.76180406893166 ],
[ 169.59328290271478 , 43.78984541056915 ],
[ 169.93572126694255 , 43.81698175214161 ],
[ 170.27844649911543 , 43.84320967855446 ],
[ 170.62144493885515 , 43.868529189807695 ],
[ 170.96471658616164 , 43.892936870806736 ],
[ 171.30824778065661 , 43.916429306457 ],
[ 171.65203852234004 , 43.939013326947645 ],
[ 171.99606149045522 , 43.960678686994925 ],
[ 172.34031668500222 , 43.981425386598836 ],
[ 172.684804105981 , 44.00125684085397 ],
[ 173.02949643263483 , 44.02016621957115 ],
[ 173.3743936649638 , 44.03815352275038 ],
[ 173.71948214258953 , 44.05522216548624 ],
[ 174.06474820513367 , 44.07136531758957 ],
[ 174.41019185259623 , 44.086586394154935 ],
[ 174.75579942459888 , 44.10087856499319 ],
[ 175.10157092114162 , 44.11424866029349 ],
[ 175.4474653610894 , 44.126689849866665 ],
[ 175.79351006519892 , 44.138202133712724 ],
[ 176.13966405233518 , 44.14878551183166 ],
[ 176.48594098287649 , 44.15843998422347 ],
[ 176.83231353606615 , 44.167165550888164 ],
[ 177.17878171190424 , 44.17495879673115 ],
[ 177.525318189634 , 44.181819721752426 ],
[ 177.8719366296338 , 44.18775174104658 ],
[ 178.2186233715253 , 44.19275143951903 ],
[ 178.56535109455183 , 44.19681881716978 ],
[ 178.91211979871338 , 44.199950458904226 ],
[ 179.2589158236316 , 44.20215319491155 ],
[ 179.60573916930653 , 44.20342019500259 ],
[ 179.95256251498142 , 44.20375487427192 ],
[ 180.29938586065634 , 44.20315723271955 ],
[ 180.64620920633124 , 44.20162385525088 ],
[ 180.99299157087114 , 44.1991581569605 ],
[ 181.3397602750327 , 44.195760137848424 ],
[ 181.68647433768086 , 44.19142979791464 ],
[ 182.0331337588157 , 44.18616713715914 ],
[ 182.37973853843715 , 44.179972155581936 ],
[ 182.72626135578858 , 44.17284485318303 ],
[ 183.0727158712483 , 44.164788645057 ],
[ 183.41906110368132 , 44.15580011610926 ],
[ 183.7652970530876 , 44.1458826814344 ],
[ 184.1114373798455 , 44.135032925937836 ],
[ 184.45744110282 , 44.12325767980874 ],
[ 184.8033082220111 , 44.11055352795251 ],
[ 185.14902507704048 , 44.09692047036917 ],
[ 185.4945916679081 , 44.08236192215328 ],
[ 185.83999433423566 , 44.06688129839945 ],
[ 186.18521941564478 , 44.0504717689185 ],
[ 186.5302669121355 , 44.03314357899417 ],
[ 186.8751095029511 , 44.01488989843732 ],
[ 187.21976084846995 , 43.99571755743709 ],
[ 187.56417996755698 , 43.97562314089891 ],
[ 187.9083805205906 , 43.954613479011954 ],
[ 188.25234884719245 , 43.93268515668163 ],
[ 188.59607128698417 , 43.90984158900252 ],
[ 188.93953417958744 , 43.88608277597463 ],
[ 189.28273752500223 , 43.86141213269254 ],
[ 189.62568132322858 , 43.83583307425084 ],
[ 189.96832459313146 , 43.809342185554954 ],
[ 190.31068099508917 , 43.78194288169944 ],
[ 190.6527368687234 , 43.7536419928735 ],
[ 190.99449221403415 , 43.72443268888794 ],
[ 191.33591971026476 , 43.694325215026524 ],
[ 191.6770193574152 , 43.66331274110008 ],
[ 192.01779115548547 , 43.63140551239236 ],
[ 192.3582077837189 , 43.59860011380879 ],
[ 192.6982692421155 , 43.564903375538535 ],
[ 193.03797553067525 , 43.530311882487005 ],
[ 193.3772993286415 , 43.49483246484338 ],
[ 193.71625429639255 , 43.45846512260764 ],
[ 194.05481311317172 , 43.42120985577981 ],
[ 194.39297577897906 , 43.38307349454904 ],
[ 194.7307286334362 , 43.34405945400993 ],
[ 195.06808533692146 , 43.30416431906788 ],
[ 195.40500490829984 , 43.26339150481749 ],
[ 195.7415010079497 , 43.22174784144792 ],
[ 196.07755997549268 , 43.17923332895918 ],
[ 196.4131681505504 , 43.13585138244584 ],
[ 196.74832553312294 , 43.091602001907916 ],
[ 197.08303212321024 , 43.04649201753457 ],
[ 197.41726060005564 , 43.00051801423121 ],
[ 197.75102462403748 , 42.953690237281606 ],
[ 198.0842968743991 , 42.906008686685745 ],
[ 198.41707735114045 , 42.857473362443635 ],
[ 198.74936605426157 , 42.80809109474444 ],
[ 199.08116298376245 , 42.75786188358817 ],
[ 199.4124408188864 , 42.7067891440694 ],
[ 199.74319955963344 , 42.65487629128272 ],
[ 200.07343920600357 , 42.60212674032271 ],
[ 200.40314609761842 , 42.54854390628396 ],
[ 200.732320234478 , 42.49413120426105 ],
[ 201.06096161658235 , 42.438892049348574 ],
[ 201.38904292317474 , 42.38282644154652 ],
[ 201.7165641542552 , 42.32594121104407 ],
[ 202.04353897020204 , 42.26823635784122 ],
[ 202.3699400502586 , 42.209718712127135 ],
[ 202.69578105480323 , 42.15038827390182 ],
[ 203.02103466307926 , 42.09025187335444 ],
[ 203.34571453546496 , 42.029309510485 ],
[ 203.66979335120374 , 41.96756801548267 ],
[ 203.99328477067388 , 41.90502738834745 ],
[ 204.3161887938754 , 41.84169104417392 ],
[ 204.63847810005163 , 41.777565813151256 ],
[ 204.9601663495809 , 41.712655110374044 ],
[ 205.28123988208486 , 41.64695552074769 ],
[ 205.6016986975635 , 41.58048070465054 ],
[ 205.92154279601687 , 41.51322724698801 ],
[ 206.24074485668825 , 41.44520197794927 ],
[ 206.55933220033432 , 41.376404897534314 ],
[ 206.8772775061984 , 41.30684283593232 ],
[ 207.19459443465885 , 41.236519208237866 ],
[ 207.51125566495898 , 41.16543742954555 ],
[ 207.82727485747714 , 41.09360091494994 ],
[ 208.14265201221332 , 41.021013079545625 ],
[ 208.45737346878917 , 40.9476773384272 ],
[ 208.7714392272047 , 40.87360052178383 ],
[ 209.08483562708156 , 40.7987826296155 ],
[ 209.3975763287981 , 40.72322707701682 ],
[ 209.70966133235433 , 40.646940694176955 ],
[ 210.02106331699355 , 40.56992689619047 ],
[ 210.3317959430941 , 40.492189098151975 ],
[ 210.641859210656 , 40.413730715156035 ],
[ 210.9512394593009 , 40.33455516229725 ],
[ 211.2599366890288 , 40.25466585467019 ],
[ 211.56796456021803 , 40.17406620736946 ],
[ 211.87529575211192 , 40.09276305058421 ],
[ 212.1819439250888 , 40.01075979940904 ],
[ 212.4879090791487 , 39.928059868938526 ],
[ 212.79317755391327 , 39.84466325917267 ],
[ 213.09774934938247 , 39.76058021539523 ],
[ 213.40163812593468 , 39.6758107376062 ],
[ 213.7048165628132 , 39.59035824090017 ],
[ 214.00731198077472 , 39.50422955546631 ],
[ 214.30909705906257 , 39.4174280963992 ],
[ 214.61018545805507 , 39.32995386369885 ],
[ 214.91056351737387 , 39.241817102649 ],
[ 215.21024489739736 , 39.15301781324967 ],
[ 215.50921593774717 , 39.063559410595424 ],
[ 215.8074902988016 , 38.973448724875446 ],
[ 216.1050543201824 , 38.88268917118432 ],
[ 216.4019080018895 , 38.79128074952204 ],
[ 216.69806500430124 , 38.69923370517236 ],
[ 216.99349800666099 , 38.606544623040705 ],
[ 217.28823432972536 , 38.513227163505405 ],
[ 217.58224665273772 , 38.41927449637729 ],
[ 217.87556229645477 , 38.32470028203471 ],
[ 218.16815394011977 , 38.22950110538307 ],
[ 218.46004890448944 , 38.13368379661155 ],
[ 218.75121986880708 , 38.03725518590931 ],
[ 219.04168049345103 , 37.94021527327635 ],
[ 219.33144443879965 , 37.842570888901854 ],
[ 219.62048438409627 , 37.7443220327858 ],
[ 219.90881398971916 , 37.64547553511738 ],
[ 220.1964332556684 , 37.546034810991166 ],
[ 220.4833558423223 , 37.44600669059633 ],
[ 220.76955442892418 , 37.345387758838285 ],
[ 221.05504267585238 , 37.244191676095376 ],
[ 221.33983424348523 , 37.14241161217843 ],
[ 221.6239154714444 , 37.04006122746579 ],
[ 221.90727269935155 , 36.93714052195745 ],
[ 222.1899469083417 , 36.833652910748 ],
[ 222.4718971172798 , 36.72960180893203 ],
[ 222.75315064692262 , 36.624994046698696 ],
[ 223.03370749727006 , 36.519829624048015 ],
[ 223.31355400794382 , 36.41411537116914 ],
[ 223.59269017894388 , 36.307854703156664 ],
[ 223.87114333102699 , 36.20104762001059 ],
[ 224.14888614343639 , 36.09370436701467 ],
[ 224.42593227655044 , 35.985824944168904 ],
[ 224.70228173036915 , 35.87741618166246 ],
[ 224.97794816527087 , 35.768478079495345 ],
[ 225.2529042604989 , 35.65901746785672 ],
[ 225.52717733680993 , 35.54903434674659 ],
[ 225.80075373382562 , 35.438535546354125 ],
[ 226.07364711192432 , 35.32752789686849 ],
[ 226.345857471106 , 35.216007983195105 ],
[ 226.61738481137067 , 35.10398605061773 ],
[ 226.88821547234002 , 34.991462099136356 ],
[ 227.15837677477072 , 34.878439543845566 ],
[ 227.4278550582844 , 34.76492521493454 ],
[ 227.69665032288108 , 34.650922527497855 ],
[ 227.9647762289391 , 34.53643148153552 ],
[ 228.23223277645846 , 34.4214589072367 ],
[ 228.49900630506082 , 34.30600821969597 ],
[ 228.76511047512452 , 34.190082834007924 ],
[ 229.03055894702788 , 34.073686165267155 ],
[ 229.29535172077095 , 33.956825043662825 ],
[ 229.559461475597 , 33.839496054100344 ],
[ 229.82291553226273 , 33.721709441863474 ],
[ 230.08571389076815 , 33.603465206952215 ],
[ 230.34785655111324 , 33.48476676446115 ],
[ 230.609343513298 , 33.36562094457944 ],
[ 230.87020209807912 , 33.2460277473071 ],
[ 231.13037766394325 , 33.1259940028333 ],
[ 231.38992485240374 , 33.00552312625262 ],
[ 231.64884366346058 , 32.88461511756505 ],
[ 231.9071067763571 , 32.76327339186519 ],
[ 232.16474151184997 , 32.64150819443679 ],
[ 232.42172054918254 , 32.51931611018526 ],
[ 232.67809852986812 , 32.39670396929977 ],
[ 232.9338208123934 , 32.27367518687492 ],
[ 233.18894203827173 , 32.1502297629107 ],
[ 233.44340756598973 , 32.02637452759627 ],
[ 233.69727203706077 , 31.902112896026228 ],
[ 233.95053545148482 , 31.777448283295154 ],
[ 234.20317048850526 , 31.652384104497635 ],
[ 234.45517714812206 , 31.52692035963367 ],
[ 234.70658275109187 , 31.401067293987015 ],
[ 234.95738729741475 , 31.274821492463087 ],
[ 235.20759078709065 , 31.148186370156463 ],
[ 235.4571932201196 , 31.02117217235091 ],
[ 235.70619459650158 , 30.893775483951828 ],
[ 235.9546222369933 , 30.766003135148402 ],
[ 236.20244882083804 , 30.63785512594062 ],
[ 236.4496743480358 , 30.50933828651766 ],
[ 236.6963261393433 , 30.380456031974106 ],
[ 236.94237687400386 , 30.251208362309956 ],
[ 237.18788119353079 , 30.121602107714377 ],
[ 237.4327844564108 , 29.991637268187375 ],
[ 237.67714130415715 , 29.861317258823533 ],
[ 237.92092441601324 , 29.730645494717432 ],
[ 238.16413379197905 , 29.59962880605825 ],
[ 238.4067694320546 , 29.46826719284598 ],
[ 238.6488586569965 , 29.336564070175207 ],
[ 238.89040146680486 , 29.20452285314052 ],
[ 239.1313705407229 , 29.07214354174192 ],
[ 239.37179319950735 , 28.939436381263157 ],
[ 239.6116967639149 , 28.806397956609647 ],
[ 239.85102659243213 , 28.67303168287598 ],
[ 240.08983732657245 , 28.53934609779861 ],
[ 240.32810164557918 , 28.405339493830255 ],
[ 240.565846870209 , 28.271016993612783 ],
[ 240.80307300046186 , 28.136378597146198 ],
[ 241.03975271558116 , 28.001431134619672 ],
[ 241.2759133363235 , 27.8661746060332 ],
[ 241.51155486268894 , 27.730614134028666 ],
[ 241.74667729467745 , 27.59475142615336 ],
[ 241.98130795304576 , 27.45858989750186 ],
[ 242.2154195170371 , 27.322132963168762 ],
[ 242.44901198665153 , 27.18538233070135 ],
[ 242.68211268264574 , 27.048341415194216 ],
[ 242.91472160501968 , 26.911013631741938 ],
[ 243.1468387537734 , 26.773400687891815 ],
[ 243.37843680815018 , 26.635505998738427 ],
[ 243.60957040966343 , 26.497334686923654 ],
[ 243.8402395583131 , 26.3588850449002 ],
[ 244.07038961258584 , 26.220163902857244 ],
[ 244.30007521399503 , 26.08117126079478 ],
[ 244.52929636254066 , 25.941910533807388 ],
[ 244.7580530582227 , 25.80238684453695 ],
[ 244.98631798028455 , 25.662600192983472 ],
[ 245.2141457702395 , 25.52255399424153 ],
[ 245.4415091073309 , 25.38225166340571 ],
[ 245.6684079915587 , 25.241696615570604 ],
[ 245.89484242292298 , 25.100888850736208 ],
[ 246.12083972218036 , 24.959833491544398 ],
[ 246.34639988933085 , 24.818532245542464 ],
[ 246.57152292437448 , 24.676986820277705 ],
[ 246.79618150655455 , 24.535202338391997 ],
[ 247.02043027738438 , 24.39318050743263 ],
[ 247.24421459535068 , 24.250923034946897 ],
[ 247.46758910196678 , 24.10843162848209 ],
[ 247.6905537972327 , 23.96571311822738 ],
[ 247.9130813603917 , 23.822765796635476 ],
[ 248.13519911220052 , 23.679593078800963 ],
[ 248.35687973190244 , 23.536198379818423 ],
[ 248.57817786101086 , 23.39258511478244 ],
[ 248.79906617876907 , 23.24875328369302 ],
[ 249.0195446851771 , 23.104708009192034 ],
[ 249.23961338023489 , 22.960450998826783 ],
[ 249.45929958469918 , 22.815982252597255 ],
[ 249.67857597781327 , 22.671308600692633 ],
[ 249.89746988033383 , 22.526430043112907 ],
[ 250.1159812922609 , 22.381349994952664 ],
[ 250.3341102135944 , 22.23606845621191 ],
[ 250.55185664433444 , 22.090590549532514 ],
[ 250.7692205844809 , 21.944917982461774 ],
[ 250.98622935479057 , 21.799054170094276 ],
[ 251.20285563450668 , 21.652999112430017 ],
[ 251.41912674438595 , 21.506757932110872 ],
[ 251.63501536367173 , 21.360330629136847 ],
[ 251.85054881312064 , 21.213720618602522 ],
[ 252.0657544134894 , 21.066929608055194 ],
[ 252.28057752326464 , 20.919961012589443 ],
[ 252.49507278395973 , 20.77281824729986 ],
[ 252.70921287481798 , 20.62549960463915 ],
[ 252.92302511659605 , 20.478011914796475 ],
[ 253.1364821885373 , 20.33035517777185 ],
[ 253.34961141139837 , 20.182532808659847 ],
[ 253.56241278517928 , 20.034544807460474 ],
[ 253.77488630988003 , 19.886396296815605 ],
[ 253.98700466474395 , 19.738087276725242 ],
[ 254.19884981204106 , 19.58962286983126 ],
[ 254.41033978950134 , 19.441001368586367 ],
[ 254.62152923863815 , 19.29222789563244 ],
[ 254.83241815945146 , 19.143304158516774 ],
[ 255.0429792311846 , 18.994231864786663 ],
[ 255.25326709535096 , 18.845014429536686 ],
[ 255.46322711043715 , 18.69565356031414 ],
[ 255.67291391795655 , 18.546149257119023 ],
[ 255.88227287639577 , 18.396506642593213 ],
[ 256.0913586272682 , 18.246727424284003 ],
[ 256.30017117057383 , 18.096811602191394 ],
[ 256.508683185556 , 17.946764298957262 ],
[ 256.7169219929713 , 17.796585514581608 ],
[ 256.9248602720632 , 17.646278664159013 ],
[ 257.1325526643449 , 17.495845455236775 ],
[ 257.3399718490599 , 17.345287595362183 ],
[ 257.547117826208 , 17.194608499629826 ],
[ 257.7539905957894 , 17.04380987558699 ],
[ 257.96059015780395 , 16.89289172323368 ],
[ 258.166971153765 , 16.741857457664484 ],
[ 258.37307894215934 , 16.590710493973976 ],
[ 258.5789408437435 , 16.43945253970946 ],
[ 258.78452953776093 , 16.28808530241822 ],
[ 258.98989966572486 , 16.136608782100264 ],
[ 259.1950239068787 , 15.985028101397464 ],
[ 259.3999022612224 , 15.833343260309821 ],
[ 259.60456204951265 , 15.68155767393192 ],
[ 259.80897595099276 , 15.529673049811054 ],
[ 260.0131712864195 , 15.377692803041809 ],
[ 260.2171207350361 , 15.225615226076888 ],
[ 260.4208789383559 , 15.073445441558174 ],
[ 260.6243912548656 , 14.921183449485666 ],
[ 260.82771232607854 , 14.768834372501239 ],
[ 261.03081483123805 , 14.6163965030576 ],
[ 261.23369877034406 , 14.46387325624934 ],
[ 261.43639146415336 , 14.311268900944683 ],
[ 261.6388655919092 , 14.15858172959634 ],
[ 261.84114847436837 , 14.005816011072543 ],
[ 262.043212790774 , 13.852973452920583 ],
[ 262.24511318263956 , 13.700055762687752 ],
[ 262.4468223292084 , 13.547064647921344 ],
[ 262.64834023048047 , 13.394002669942298 ],
[ 262.84966688645574 , 13.240870682524257 ],
[ 263.0508022971343 , 13.08767210076181 ],
[ 263.2517737832727 , 12.934407778428602 ],
[ 263.45258134487113 , 12.78108027684557 ],
[ 263.6531976611727 , 12.627690449786362 ],
[ 263.8536773736909 , 12.474241712345563 ],
[ 264.0539658409124 , 12.32073491829682 ],
[ 264.2540903835938 , 12.167173482734716 ],
[ 264.4540510017351 , 12.01355740565925 ],
[ 264.65387501609297 , 11.859889248391365 ],
[ 264.85353510591074 , 11.70617071847835 ],
[ 265.05305859194516 , 11.552405231014793 ],
[ 265.2524454741962 , 11.398592786000691 ],
[ 265.45166843190714 , 11.244735944756984 ],
[ 265.65075478583464 , 11.09083726860461 ],
[ 265.8497045359788 , 10.93689675754357 ],
[ 266.04851768233954 , 10.782918680442096 ],
[ 266.2471942249168 , 10.628903891073831 ],
[ 266.44573416371077 , 10.474853243212426 ],
[ 266.64416481947796 , 10.32077015195246 ],
[ 266.8424861922185 , 10.166656324841233 ],
[ 267.0406709611756 , 10.012512615652385 ],
[ 267.23874644710594 , 9.858341585706857 ],
[ 267.4367126500096 , 9.704144088778294 ],
[ 267.6345422491298 , 9.549923539961284 ],
[ 267.83228988598006 , 9.395681646803117 ],
[ 268.02992823980355 , 9.241418409303796 ],
[ 268.2274573106003 , 9.087138096331547 ],
[ 268.424904419127 , 8.932840707886374 ],
[ 268.62224224462705 , 8.778528805289215 ],
[ 268.819498107857 , 8.624204096087361 ],
[ 269.01667200881695 , 8.469869141601754 ],
[ 269.2137366267501 , 8.315524795606036 ],
[ 269.41074660316997 , 8.161172765647503 ],
[ 269.60764729656313 , 8.006815613047092 ],
[ 269.80449334844286 , 7.852454191578451 ],
[ 270.0012574380526 , 7.698091916336162 ],
[ 270.1979395653923 , 7.543729641093874 ],
[ 270.39456705121864 , 7.389369073398878 ],
[ 270.5911125747749 , 7.235011920798468 ],
[ 270.78760345681786 , 7.080659890839935 ],
[ 270.9840396973474 , 6.9263155448442175 ],
[ 271.1804212963636 , 6.771980163471786 ],
[ 271.3767482538665 , 6.6176558811567565 ],
[ 271.57302056985594 , 6.463344405446421 ],
[ 271.7692382443321 , 6.309047017001247 ],
[ 271.96540127729486 , 6.154766277142176 ],
[ 272.1615369895009 , 6.000503466529676 ],
[ 272.3576453809503 , 5.846260719597863 ],
[ 272.5536991308864 , 5.6920393170072066 ],
[ 272.74972556006577 , 5.537841820078645 ],
[ 272.9457246684884 , 5.383669509472648 ],
[ 273.14166913539776 , 5.229524092736508 ],
[ 273.3376136023071 , 5.07540770430434 ],
[ 273.5335307484597 , 4.921322051723437 ],
[ 273.72944789461235 , 4.7672688425410925 ],
[ 273.92531039925166 , 4.613249784304597 ],
[ 274.1212002246476 , 4.459267011448068 ],
[ 274.3170354085302 , 4.305321804631974 ],
[ 274.5128979131695 , 4.151416725177254 ],
[ 274.7087330970521 , 3.9975526268575527 ],
[ 274.9045682809347 , 3.8437320709938114 ],
[ 275.100430785574 , 3.689956338246498 ],
[ 275.2962659694566 , 3.536227349606317 ],
[ 275.4921284740959 , 3.382547026063972 ],
[ 275.6879636579785 , 3.228917288610168 ],
[ 275.8838534833745 , 3.075339631348785 ],
[ 276.07974330877045 , 2.9218159752705275 ],
[ 276.2756331341664 , 2.768348241366099 ],
[ 276.47155028031904 , 2.6149379237393817 ],
[ 276.6674947472284 , 2.46158715682449 ],
[ 276.86346653489437 , 2.3082974347253056 ],
[ 277.0594656433171 , 2.1550706784325317 ],
[ 277.25549207249645 , 2.0019088089368737 ],
[ 277.45157314318914 , 1.8488135337856226 ],
[ 277.6476542138819 , 1.6957864538043663 ],
[ 277.84381724684465 , 1.5428297034272198 ],
[ 278.0399802798074 , 1.3899449902014758 ],
[ 278.2362252750402 , 1.237133914952721 ],
[ 278.4324975910297 , 1.0843985053933651 ],
[ 278.6288245485326 , 0.9317405757924068 ],
[ 278.8252061475488 , 0.7791617803362852 ],
[ 279.0216423880783 , 0.6266640400157049 ],
[ 279.21813327012126 , 0.47424911573881073 ],
[ 279.4146787936775 , 0.32191884845502783 ],
[ 279.6113062795039 , 0.16967503909314108 ],
[ 279.80798840684355 , 0.01751952526752196 ],
[ 280.0047251756966 , -0.13454588208788457 ],
[ 280.2015712275764 , -0.2865193653690269 ],
[ 280.3984719209695 , -0.438399080291427 ],
[ 280.5954545766327 , -0.5901832526067262 ],
[ 280.7925191945659 , -0.7418699613242206 ],
[ 280.98966577476915 , -0.8934574722161911 ],
[ 281.18689431724243 , -1.0449439176527866 ],
[ 281.38420482198575 , -1.196327376643303 ],
[ 281.5816246097558 , -1.3476061416404477 ],
[ 281.7791263597959 , -1.4987782916535168 ],
[ 281.976710072106 , -1.6498421191352177 ],
[ 282.17443038819954 , -1.8007955963731406 ],
[ 282.3722326665631 , -1.9516369090982872 ],
[ 282.57011690719673 , -2.1023642430416594 ],
[ 282.7681377516137 , -2.2529756772125524 ],
[ 282.96626787905745 , -2.4034695040636747 ],
[ 283.16450728952793 , -2.5538438026043218 ],
[ 283.3628559830251 , -2.704096438400378 ],
[ 283.56134128030567 , -2.854226130791374 ],
[ 283.7599358606129 , -3.004230318456371 ],
[ 283.95863972394693 , -3.154107720734899 ],
[ 284.15748019106434 , -3.303855989749432 ],
[ 284.35645726196515 , -3.4534736313960885 ],
[ 284.55557093664936 , -3.602958511240753 ],
[ 284.7547938943603 , -3.752308708292721 ],
[ 284.95418077661134 , -3.901522301561289 ],
[ 285.15367694188905 , -4.050598010385987 ],
[ 285.3533370317069 , -4.1995328465590545 ],
[ 285.5531337253081 , -4.3483259563068435 ],
[ 285.7530943434494 , -4.496974778308416 ],
[ 285.9531915653741 , -4.645477605016479 ],
[ 286.1534253910822 , -4.793832728883741 ],
[ 286.353850462087 , -4.942037588589263 ],
[ 286.55441213687527 , -5.090090903472575 ],
[ 286.7551377362036 , -5.237990539099561 ],
[ 286.956027260072 , -5.385734361036108 ],
[ 287.1570807084805 , -5.53332066173492 ],
[ 287.3582980814291 , -5.680747306761884 ],
[ 287.55967937891774 , -5.828012588569705 ],
[ 287.76125192170315 , -5.9751147996110925 ],
[ 287.9629883890287 , -6.122050951678284 ],
[ 288.16491610165093 , -6.268820190997634 ],
[ 288.36700773881324 , -6.415419956248203 ],
[ 288.56929062127233 , -6.561848539882698 ],
[ 288.7717647490282 , -6.708103807467005 ],
[ 288.97443012208083 , -6.854183624567006 ],
[ 289.1772867404302 , -7.00008628363541 ],
[ 289.3803346040763 , -7.145809650238101 ],
[ 289.58357371301923 , -7.291351589940964 ],
[ 289.7870313880156 , -7.43671082208353 ],
[ 289.9906803083087 , -7.581884785344858 ],
[ 290.19452047389854 , -7.726870918404011 ],
[ 290.39857920554186 , -7.871667513713697 ],
[ 290.60285650323857 , -8.016273717500267 ],
[ 290.8073250462321 , -8.16068611466914 ],
[ 291.012012155279 , -8.30490299767302 ],
[ 291.21691783037943 , -8.448922658964616 ],
[ 291.4220693922899 , -8.59274253722299 ],
[ 291.6274121994972 , -8.736360924900849 ],
[ 291.83300089351457 , -8.879775260677253 ],
[ 292.0388081535854 , -9.022984690778555 ],
[ 292.24483397970965 , -9.165985800110175 ],
[ 292.45110569264403 , -9.308777734898461 ],
[ 292.65759597163185 , -9.451357080048831 ],
[ 292.8643321374298 , -9.593722981787637 ],
[ 293.07131419003787 , -9.735872025020297 ],
[ 293.27854212945607 , -9.877803355973162 ],
[ 293.48601595568437 , -10.019514413325293 ],
[ 293.6937356687228 , -10.161003489529401 ],
[ 293.90170126857134 , -10.302267169490896 ],
[ 294.10991275523 , -10.443304599436136 ],
[ 294.3183701286988 , -10.58411321804418 ],
[ 294.5271007097344 , -10.72469046399409 ],
[ 294.7360771775801 , -10.865034629738574 ],
[ 294.9453268529926 , -11.005144007730337 ],
[ 295.15484973597194 , -11.145015182874797 ],
[ 295.36461850576137 , -11.284647301398307 ],
[ 295.57468780387427 , -11.424037801979926 ],
[ 295.7850029887973 , -11.563184123298718 ],
[ 295.9955913812871 , -11.70208455780739 ],
[ 296.2064529813438 , -11.840735690411357 ],
[ 296.4176151097239 , -11.979137521110617 ],
[ 296.6290504456708 , -12.117285781036943 ],
[ 296.8407589891845 , -12.255178762643038 ],
[ 297.0527680610217 , -12.392815612155257 ],
[ 297.2650503404257 , -12.53019206070537 ],
[ 297.4776331481532 , -12.667307254519729 ],
[ 297.69048916344747 , -12.804158632277398 ],
[ 297.9036730278219 , -12.940743632657435 ],
[ 298.11713009976313 , -13.077060548112549 ],
[ 298.33088770002786 , -13.213106817321801 ],
[ 298.54497314937277 , -13.348879878964254 ],
[ 298.7593318062844 , -13.484377171718966 ],
[ 298.97401831227626 , -13.619597841812295 ],
[ 299.18900534659156 , -13.754537620376006 ],
[ 299.4042929092304 , -13.8891965074101 ],
[ 299.6199083209493 , -14.023570234046344 ],
[ 299.83585158174844 , -14.15765709273745 ],
[ 300.0520953708711 , -14.291455375936122 ],
[ 300.26866700907385 , -14.424961668547777 ],
[ 300.4855391756001 , -14.558174263025121 ],
[ 300.70276651196315 , -14.691091451820862 ],
[ 300.92029437664974 , -14.823709819840413 ],
[ 301.13817741117316 , -14.956027659536486 ],
[ 301.35636097402005 , -15.088041555814492 ],
[ 301.5748997067038 , -15.219751508674433 ],
[ 301.7937662884676 , -15.351152395474431 ],
[ 302.01298804006836 , -15.482242508667193 ],
[ 302.2325376407493 , -15.613020140705427 ],
[ 302.4524150905103 , -15.74348358404184 ],
[ 302.67267503086487 , -15.873629423581848 ],
[ 302.8932354995429 , -16.003454244230866 ],
[ 303.11417845881454 , -16.132958045988893 ],
[ 303.33544926716627 , -16.262135706214053 ],
[ 303.55707524535484 , -16.390987224906343 ],
[ 303.7790837141369 , -16.519507479423886 ],
[ 304.00142003199915 , -16.647696469766686 ],
[ 304.2241115196983 , -16.775552488387447 ],
[ 304.44718549799086 , -16.903068705097002 ],
[ 304.6706146461203 , -17.03024682744264 ],
[ 304.89439896408663 , -17.157083440329775 ],
[ 305.11856577264643 , -17.283575128663827 ],
[ 305.34308775104313 , -17.409718477350207 ],
[ 305.5679648992766 , -17.535513486388915 ],
[ 305.79322453810363 , -17.66095674068537 ],
[ 306.01886666752415 , -17.786044825144984 ],
[ 306.2448912875382 , -17.910776032220465 ],
[ 306.4712983981458 , -18.035146946817225 ],
[ 306.69806067859025 , -18.15915586138798 ],
[ 306.9252054496282 , -18.282801068385428 ],
[ 307.1527600320163 , -18.406079152714987 ],
[ 307.3806697842413 , -18.528986699282072 ],
[ 307.6089893478165 , -18.651520292992103 ],
[ 307.8376914019852 , -18.773681641392365 ],
[ 308.06677594674744 , -18.895463914293693 ],
[ 308.2962429821032 , -19.016865404148792 ],
[ 308.52611982880916 , -19.137886110957663 ],
[ 308.7564064868653 , -19.258519204531137 ],
[ 308.98707563551494 , -19.3787663924165 ],
[ 309.21812727475816 , -19.498622551971884 ],
[ 309.44958872535153 , -19.618084268102702 ],
[ 309.6814599872951 , -19.73715154080895 ],
[ 309.9137410605889 , -19.85581924744875 ],
[ 310.14640462447625 , -19.974087388022106 ],
[ 310.37947799971374 , -20.09195083988714 ],
[ 310.61298850705816 , -20.209407895496554 ],
[ 310.8468815049961 , -20.326455139755772 ],
[ 311.0811843142842 , -20.443090865117494 ],
[ 311.3158969349225 , -20.55931336403443 ],
[ 311.5510466876677 , -20.675117513864706 ],
[ 311.78657893100643 , -20.790503314608316 ],
[ 312.022548306452 , -20.905465643623383 ],
[ 312.2589274932478 , -21.02000279336262 ],
[ 312.4957438121505 , -21.13411134873144 ],
[ 312.7329426216467 , -21.247791309729838 ],
[ 312.9706058840065 , -21.36103584616865 ],
[ 313.20865163695976 , -21.473846665595165 ],
[ 313.4471618427766 , -21.586216937820215 ],
[ 313.68605453918696 , -21.6981466628438 ],
[ 313.9254116884609 , -21.809632425571333 ],
[ 314.165178649085 , -21.92067081090823 ],
[ 314.40535542105937 , -22.031258403759907 ],
[ 314.64599664589724 , -22.14139520412636 ],
[ 314.8870476820853 , -22.251077796913012 ],
[ 315.1285358503803 , -22.36030105947798 ],
[ 315.37046115078215 , -22.469063284273968 ],
[ 315.6127962625342 , -22.57736276375369 ],
[ 315.85559582714984 , -22.68519608282256 ],
[ 316.0988052031156 , -22.79255982638599 ],
[ 316.34245171118835 , -22.89945228689669 ],
[ 316.5865353513679 , -23.005871756807366 ],
[ 316.83108344441104 , -23.111811405928847 ],
[ 317.0760413488044 , -23.21727294180843 ],
[ 317.3214363853046 , -23.322251241804235 ],
[ 317.5672958746684 , -23.426742890821675 ],
[ 317.81356517538234 , -23.530747888860752 ],
[ 318.06029892895987 , -23.634259405732294 ],
[ 318.3074698146443 , -23.737279148983596 ],
[ 318.55507783243564 , -23.839800288425486 ],
[ 318.8031229823338 , -23.94182282405797 ],
[ 319.0516052643389 , -24.043343340786453 ],
[ 319.30055199920747 , -24.144358423516355 ],
[ 319.549935866183 , -24.244864657153094 ],
[ 319.79975686526535 , -24.344862041696665 ],
[ 320.05001499645465 , -24.4443437469579 ],
[ 320.3007102597508 , -24.5433097729368 ],
[ 320.5518699759105 , -24.64175670453878 ],
[ 320.8034668241771 , -24.739681126669254 ],
[ 321.05552812530726 , -24.837081331780926 ],
[ 321.3079992377876 , -24.93395390477922 ],
[ 321.5609348031315 , -25.03029543056954 ],
[ 321.8143075005823 , -25.1261042016046 ],
[ 322.06814465089667 , -25.221376802789816 ],
[ 322.3223916125612 , -25.3161098190306 ],
[ 322.5771030270893 , -25.410301542779663 ],
[ 322.832278894481 , -25.503948558942415 ],
[ 323.0878645732229 , -25.597049159971565 ],
[ 323.3439147048283 , -25.68959993077253 ],
[ 323.6004019685406 , -25.781595748703435 ],
[ 323.85732636435984 , -25.873038321311565 ],
[ 324.1147152130426 , -25.963920818407754 ],
[ 324.37254119383226 , -26.05424153244471 ],
[ 324.6307769859721 , -26.14399875587514 ],
[ 324.88950455173216 , -26.23319078115175 ],
[ 325.14864192884244 , -26.321810778085375 ],
[ 325.4082164380596 , -26.409858746676008 ],
[ 325.6682554001403 , -26.497332979376363 ],
[ 325.92870417357125 , -26.584228353544557 ],
[ 326.18961739986577 , -26.6705431616333 ],
[ 326.45094043751044 , -26.756273988548006 ],
[ 326.7127279280187 , -26.841419126741386 ],
[ 326.97492522987716 , -26.925975161118853 ],
[ 327.23758698459915 , -27.00993867658582 ],
[ 327.50065855067135 , -27.093307965594995 ],
[ 327.76416724885047 , -27.176079613051794 ],
[ 328.0281130791364 , -27.258251911408923 ],
[ 328.29249604152926 , -27.3398214455718 ],
[ 328.557316136029 , -27.42078650799313 ],
[ 328.8225460418789 , -27.50114197603104 ],
[ 329.0882130798358 , -27.580887849685524 ],
[ 329.3542899291428 , -27.66001900631471 ],
[ 329.6208039105567 , -27.738533738371295 ],
[ 329.8877550240775 , -27.816430338308 ],
[ 330.15511594894843 , -27.89370539103023 ],
[ 330.4228866851696 , -27.9703571889907 ],
[ 330.6910945534977 , -28.046380609547526 ],
[ 330.95971223317594 , -28.121773945153418 ],
[ 331.2287397242044 , -28.19653719580838 ],
[ 331.49817702658305 , -28.270665238870528 ],
[ 331.7680241403119 , -28.34415465924528 ],
[ 332.03830838614766 , -28.417005456932635 ],
[ 332.30897512257695 , -28.489212509290716 ],
[ 332.5800516703564 , -28.560775816319527 ],
[ 332.85153802948605 , -28.631690255377183 ],
[ 333.1234341999659 , -28.701954118916397 ],
[ 333.3957128610393 , -28.771567406937166 ],
[ 333.6684013334629 , -28.84052158170303 ],
[ 333.94147229648 , -28.908820058308574 ],
[ 334.21495307084734 , -28.97645942165921 ],
[ 334.48881633580817 , -29.043436256660353 ],
[ 334.76306209136254 , -29.109747148217423 ],
[ 335.03771765826707 , -29.17538868123583 ],
[ 335.31272839500843 , -29.24036085571558 ],
[ 335.58812162234335 , -29.304660256562077 ],
[ 335.8639246610285 , -29.368283468680747 ],
[ 336.14008286955044 , -29.43123390716617 ],
[ 336.4166235686659 , -29.49350132673459 ],
[ 336.69351943761825 , -29.55508572738601 ],
[ 336.9707977971641 , -29.61598710912043 ],
[ 337.2484313265468 , -29.676198641748677 ],
[ 337.5264200257663 , -29.735723740365337 ],
[ 337.8047912155793 , -29.794558989875828 ],
[ 338.0834902544725 , -29.852697560090977 ],
[ 338.36257178395925 , -29.910142866105367 ],
[ 338.6419811625261 , -29.966888077729834 ],
[ 338.9217457109298 , -30.022933194964374 ],
[ 339.2018654291704 , -30.0782748027144 ],
[ 339.48231299649115 , -30.132912900979917 ],
[ 339.7631157336487 , -30.18684407466634 ],
[ 340.0442189991297 , -30.240064908679077 ],
[ 340.32567743444764 , -30.292575403018137 ],
[ 340.6074637188457 , -30.344375557683513 ],
[ 340.8895778523239 , -30.395455127391454 ],
[ 341.1719925141256 , -30.445820942331128 ],
[ 341.4547350250074 , -30.495466172313364 ],
[ 341.73777806421276 , -30.544387402243583 ],
